{
  "productionMode": "gg",
  "basis": "beam",
  "energy": "7TeV",
  "thetaSteps": 91,
  "phiSteps": 91,
  "thetaRange": [
    0, 0.03490658503988659, 0.06981317007977318, 0.10471975511965977, 0.13962634015954636,
    0.17453292519943295, 0.20943951023931953, 0.24434609527920614, 0.2792526803190927,
    0.3141592653589793, 0.3490658503988659, 0.3839724354387525, 0.41887902047863906,
    0.4537856055185257, 0.4886921905584123, 0.5235987755982988, 0.5585053606381855,
    0.5934119456780721, 0.6283185307179586, 0.6632251157578452, 0.6981317007977318,
    0.7330382858376184, 0.767944870877505, 0.8028514559173915, 0.8377580409572781,
    0.8726646259971648, 0.9075712110370514, 0.9424777960769379, 0.9773843811168246,
    1.0122909661567112, 1.0471975511965976, 1.0821041362364843, 1.117010721276371,
    1.1519173063162575, 1.1868238913561442, 1.2217304763960306, 1.2566370614359172,
    1.2915436464758039, 1.3264502315156903, 1.361356816555577, 1.3962634015954636, 1.43116998663535,
    1.4660765716752369, 1.5009831567151233, 1.53588974175501, 1.5707963267948966, 1.605702911834783,
    1.6406094968746698, 1.6755160819145563, 1.710422666954443, 1.7453292519943295,
    1.780235837034216, 1.8151424220741028, 1.8500490071139892, 1.8849555921538759,
    1.9198621771937625, 1.9547687622336491, 1.9896753472735356, 2.0245819323134224,
    2.0594885173533086, 2.0943951023931953, 2.129301687433082, 2.1642082724729685,
    2.199114857512855, 2.234021442552742, 2.2689280275926285, 2.303834612632515, 2.3387411976724013,
    2.3736477827122884, 2.4085543677521746, 2.443460952792061, 2.478367537831948,
    2.5132741228718345, 2.548180707911721, 2.5830872929516078, 2.6179938779914944,
    2.6529004630313806, 2.6878070480712677, 2.722713633111154, 2.7576202181510405,
    2.792526803190927, 2.827433388230814, 2.8623399732707, 2.897246558310587, 2.9321531433504737,
    2.9670597283903604, 3.0019663134302466, 3.036872898470133, 3.07177948351002, 3.106686068549907,
    3.141592653589793
  ],
  "phiRange": [
    0, 0.06981317007977318, 0.13962634015954636, 0.20943951023931953, 0.2792526803190927,
    0.3490658503988659, 0.41887902047863906, 0.4886921905584123, 0.5585053606381855,
    0.6283185307179586, 0.6981317007977318, 0.767944870877505, 0.8377580409572781,
    0.9075712110370514, 0.9773843811168246, 1.0471975511965976, 1.117010721276371,
    1.1868238913561442, 1.2566370614359172, 1.3264502315156903, 1.3962634015954636,
    1.4660765716752369, 1.53588974175501, 1.605702911834783, 1.6755160819145563, 1.7453292519943295,
    1.8151424220741028, 1.8849555921538759, 1.9547687622336491, 2.0245819323134224,
    2.0943951023931953, 2.1642082724729685, 2.234021442552742, 2.303834612632515,
    2.3736477827122884, 2.443460952792061, 2.5132741228718345, 2.5830872929516078,
    2.6529004630313806, 2.722713633111154, 2.792526803190927, 2.8623399732707, 2.9321531433504737,
    3.0019663134302466, 3.07177948351002, 3.141592653589793, 3.211405823669566, 3.2812189937493397,
    3.3510321638291125, 3.420845333908886, 3.490658503988659, 3.560471674068432, 3.6302848441482056,
    3.7000980142279785, 3.7699111843077517, 3.839724354387525, 3.9095375244672983,
    3.979350694547071, 4.049163864626845, 4.118977034706617, 4.1887902047863905, 4.258603374866164,
    4.328416544945937, 4.39822971502571, 4.468042885105484, 4.537856055185257, 4.60766922526503,
    4.677482395344803, 4.747295565424577, 4.817108735504349, 4.886921905584122, 4.956735075663896,
    5.026548245743669, 5.096361415823442, 5.1661745859032155, 5.235987755982989, 5.305800926062761,
    5.375614096142535, 5.445427266222308, 5.515240436302081, 5.585053606381854, 5.654866776461628,
    5.7246799465414, 5.794493116621174, 5.8643062867009474, 5.934119456780721, 6.003932626860493,
    6.073745796940266, 6.14355896702004, 6.213372137099814, 6.283185307179586
  ],
  "grids": [
    [
      [0.075, 0, 0, 0, -0.075, 0.045, 0, 0.045, 0.05653846153846153],
      [
        0.07427010515561777, 0.010437982572004907, 0, 0.010437982572004907, -0.07427010515561777,
        0.045, 0, 0.045, 0.05653846153846153
      ],
      [
        0.07209462719537392, 0.020672801686274937, 0, 0.020672801686274937, -0.07209462719537392,
        0.045, 0, 0.045, 0.05653846153846153
      ],
      [
        0.06851590932319507, 0.03050524823068501, 0, 0.03050524823068501, -0.06851590932319507,
        0.045, 0, 0.045, 0.05653846153846153
      ],
      [
        0.06360360721173194, 0.03974394481749036, 0, 0.03974394481749036, -0.06360360721173194,
        0.045, 0, 0.045, 0.05653846153846153
      ],
      [
        0.05745333323392335, 0.048209070726490444, 0, 0.048209070726490444, -0.05745333323392335,
        0.045, 0, 0.045, 0.05653846153846153
      ],
      [
        0.050184795476914366, 0.05573586191080457, 0, 0.05573586191080457, -0.050184795476914366,
        0.045, 0, 0.045, 0.05653846153846153
      ],
      [
        0.04193946776030601, 0.062177817941628126, 0, 0.062177817941628126, -0.04193946776030601,
        0.045, 0, 0.045, 0.05653846153846153
      ],
      [
        0.03287783600918081, 0.06740955347243753, 0, 0.06740955347243753, -0.03287783600918081,
        0.045, 0, 0.045, 0.05653846153846153
      ],
      [
        0.023176274578121058, 0.0713292387221365, 0, 0.0713292387221365, -0.023176274578121058,
        0.045, 0, 0.045, 0.05653846153846153
      ],
      [
        0.01302361332501978, 0.0738605814759156, 0, 0.0738605814759156, -0.01302361332501978, 0.045,
        0, 0.045, 0.05653846153846153
      ],
      [
        0.002617462252687581, 0.07495431202643218, 0, 0.07495431202643218, -0.002617462252687581,
        0.045, 0, 0.045, 0.05653846153846153
      ],
      [
        -0.007839634745073999, 0.0745891421526205, 0, 0.0745891421526205, 0.007839634745073999,
        0.045, 0, 0.045, 0.05653846153846153
      ],
      [
        -0.018144142169975085, 0.07277217947069974, 0, 0.07277217947069974, 0.018144142169975085,
        0.045, 0, 0.045, 0.05653846153846153
      ],
      [
        -0.028095494506193405, 0.06953878909250906, 0, 0.06953878909250906, 0.028095494506193405,
        0.045, 0, 0.045, 0.05653846153846153
      ],
      [
        -0.037499999999999985, 0.0649519052838329, 0, 0.0649519052838329, 0.037499999999999985,
        0.045, 0, 0.045, 0.05653846153846153
      ],
      [
        -0.04617461064942437, 0.059100806520504146, 0, 0.059100806520504146, 0.04617461064942437,
        0.045, 0, 0.045, 0.05653846153846153
      ],
      [
        -0.05395048502539885, 0.052099377784424784, 0, 0.052099377784424784, 0.05395048502539885,
        0.045, 0, 0.045, 0.05653846153846153
      ],
      [
        -0.060676274578121046, 0.04408389392193549, 0, 0.04408389392193549, 0.060676274578121046,
        0.045, 0, 0.045, 0.05653846153846153
      ],
      [
        -0.06622106946441951, 0.03521036720894183, 0, 0.03521036720894183, 0.06622106946441951,
        0.045, 0, 0.045, 0.05653846153846153
      ],
      [
        -0.07047694655894313, 0.025651510749425167, 0, 0.025651510749425167, 0.07047694655894313,
        0.045, 0, 0.045, 0.05653846153846153
      ],
      [
        -0.07336107005503542, 0.015593376811331949, 0, 0.015593376811331949, 0.07336107005503542,
        0.045, 0, 0.045, 0.05653846153846153
      ],
      [
        -0.07481730376948681, 0.005231735530809414, 0, 0.005231735530809414, 0.07481730376948681,
        0.045, 0, 0.045, 0.05653846153846153
      ],
      [
        -0.07481730376948682, -0.005231735530809362, 0, -0.005231735530809362, 0.07481730376948682,
        0.045, 0, 0.045, 0.05653846153846153
      ],
      [
        -0.07336107005503542, -0.01559337681133193, 0, -0.01559337681133193, 0.07336107005503542,
        0.045, 0, 0.045, 0.05653846153846153
      ],
      [
        -0.07047694655894313, -0.02565151074942515, 0, -0.02565151074942515, 0.07047694655894313,
        0.045, 0, 0.045, 0.05653846153846153
      ],
      [
        -0.06622106946441951, -0.035210367208941815, 0, -0.035210367208941815, 0.06622106946441951,
        0.045, 0, 0.045, 0.05653846153846153
      ],
      [
        -0.06067627457812105, -0.04408389392193548, 0, -0.04408389392193548, 0.06067627457812105,
        0.045, 0, 0.045, 0.05653846153846153
      ],
      [
        -0.05395048502539883, -0.0520993777844248, 0, -0.0520993777844248, 0.05395048502539883,
        0.045, 0, 0.045, 0.05653846153846153
      ],
      [
        -0.04617461064942435, -0.05910080652050416, 0, -0.05910080652050416, 0.04617461064942435,
        0.045, 0, 0.045, 0.05653846153846153
      ],
      [
        -0.03750000000000003, -0.06495190528383288, 0, -0.06495190528383288, 0.03750000000000003,
        0.045, 0, 0.045, 0.05653846153846153
      ],
      [
        -0.028095494506193423, -0.06953878909250905, 0, -0.06953878909250905, 0.028095494506193423,
        0.045, 0, 0.045, 0.05653846153846153
      ],
      [
        -0.018144142169975085, -0.07277217947069974, 0, -0.07277217947069974, 0.018144142169975085,
        0.045, 0, 0.045, 0.05653846153846153
      ],
      [
        -0.007839634745074002, -0.0745891421526205, 0, -0.0745891421526205, 0.007839634745074002,
        0.045, 0, 0.045, 0.05653846153846153
      ],
      [
        0.002617462252687596, -0.07495431202643218, 0, -0.07495431202643218, -0.002617462252687596,
        0.045, 0, 0.045, 0.05653846153846153
      ],
      [
        0.013023613325019747, -0.07386058147591561, 0, -0.07386058147591561, -0.013023613325019747,
        0.045, 0, 0.045, 0.05653846153846153
      ],
      [
        0.02317627457812104, -0.07132923872213652, 0, -0.07132923872213652, -0.02317627457812104,
        0.045, 0, 0.045, 0.05653846153846153
      ],
      [
        0.0328778360091808, -0.06740955347243753, 0, -0.06740955347243753, -0.0328778360091808,
        0.045, 0, 0.045, 0.05653846153846153
      ],
      [
        0.041939467760305965, -0.062177817941628154, 0, -0.062177817941628154,
        -0.041939467760305965, 0.045, 0, 0.045, 0.05653846153846153
      ],
      [
        0.05018479547691433, -0.05573586191080459, 0, -0.05573586191080459, -0.05018479547691433,
        0.045, 0, 0.045, 0.05653846153846153
      ],
      [
        0.057453333233923334, -0.048209070726490465, 0, -0.048209070726490465,
        -0.057453333233923334, 0.045, 0, 0.045, 0.05653846153846153
      ],
      [
        0.0636036072117319, -0.03974394481749043, 0, -0.03974394481749043, -0.0636036072117319,
        0.045, 0, 0.045, 0.05653846153846153
      ],
      [
        0.06851590932319507, -0.03050524823068501, 0, -0.03050524823068501, -0.06851590932319507,
        0.045, 0, 0.045, 0.05653846153846153
      ],
      [
        0.07209462719537389, -0.020672801686274982, 0, -0.020672801686274982, -0.07209462719537389,
        0.045, 0, 0.045, 0.05653846153846153
      ],
      [
        0.07427010515561777, -0.01043798257200494, 0, -0.01043798257200494, -0.07427010515561777,
        0.045, 0, 0.045, 0.05653846153846153
      ],
      [
        0.075, -1.8369701987210297e-17, 0, -1.8369701987210297e-17, -0.075, 0.045, 0, 0.045,
        0.05653846153846153
      ],
      [
        0.07427010515561779, 0.01043798257200484, 0, 0.01043798257200484, -0.07427010515561779,
        0.045, 0, 0.045, 0.05653846153846153
      ],
      [
        0.0720946271953739, 0.020672801686274948, 0, 0.020672801686274948, -0.0720946271953739,
        0.045, 0, 0.045, 0.05653846153846153
      ],
      [
        0.06851590932319508, 0.030505248230684977, 0, 0.030505248230684977, -0.06851590932319508,
        0.045, 0, 0.045, 0.05653846153846153
      ],
      [
        0.06360360721173196, 0.03974394481749035, 0, 0.03974394481749035, -0.06360360721173196,
        0.045, 0, 0.045, 0.05653846153846153
      ],
      [
        0.057453333233923355, 0.04820907072649044, 0, 0.04820907072649044, -0.057453333233923355,
        0.045, 0, 0.045, 0.05653846153846153
      ],
      [
        0.050184795476914415, 0.05573586191080453, 0, 0.05573586191080453, -0.050184795476914415,
        0.045, 0, 0.045, 0.05653846153846153
      ],
      [
        0.041939467760306, 0.06217781794162813, 0, 0.06217781794162813, -0.041939467760306, 0.045,
        0, 0.045, 0.05653846153846153
      ],
      [
        0.03287783600918084, 0.0674095534724375, 0, 0.0674095534724375, -0.03287783600918084, 0.045,
        0, 0.045, 0.05653846153846153
      ],
      [
        0.02317627457812108, 0.0713292387221365, 0, 0.0713292387221365, -0.02317627457812108, 0.045,
        0, 0.045, 0.05653846153846153
      ],
      [
        0.013023613325019784, 0.0738605814759156, 0, 0.0738605814759156, -0.013023613325019784,
        0.045, 0, 0.045, 0.05653846153846153
      ],
      [
        0.002617462252687566, 0.07495431202643218, 0, 0.07495431202643218, -0.002617462252687566,
        0.045, 0, 0.045, 0.05653846153846153
      ],
      [
        -0.007839634745073966, 0.0745891421526205, 0, 0.0745891421526205, 0.007839634745073966,
        0.045, 0, 0.045, 0.05653846153846153
      ],
      [
        -0.018144142169975112, 0.07277217947069972, 0, 0.07277217947069972, 0.018144142169975112,
        0.045, 0, 0.045, 0.05653846153846153
      ],
      [
        -0.028095494506193325, 0.06953878909250909, 0, 0.06953878909250909, 0.028095494506193325,
        0.045, 0, 0.045, 0.05653846153846153
      ],
      [
        -0.03749999999999994, 0.06495190528383293, 0, 0.06495190528383293, 0.03749999999999994,
        0.045, 0, 0.045, 0.05653846153846153
      ],
      [
        -0.04617461064942433, 0.05910080652050417, 0, 0.05910080652050417, 0.04617461064942433,
        0.045, 0, 0.045, 0.05653846153846153
      ],
      [
        -0.05395048502539881, 0.052099377784424826, 0, 0.052099377784424826, 0.05395048502539881,
        0.045, 0, 0.045, 0.05653846153846153
      ],
      [
        -0.06067627457812104, 0.0440838939219355, 0, 0.0440838939219355, 0.06067627457812104, 0.045,
        0, 0.045, 0.05653846153846153
      ],
      [
        -0.06622106946441951, 0.035210367208941815, 0, 0.035210367208941815, 0.06622106946441951,
        0.045, 0, 0.045, 0.05653846153846153
      ],
      [
        -0.07047694655894313, 0.025651510749425153, 0, 0.025651510749425153, 0.07047694655894313,
        0.045, 0, 0.045, 0.05653846153846153
      ],
      [
        -0.07336107005503542, 0.015593376811331933, 0, 0.015593376811331933, 0.07336107005503542,
        0.045, 0, 0.045, 0.05653846153846153
      ],
      [
        -0.07481730376948681, 0.005231735530809498, 0, 0.005231735530809498, 0.07481730376948681,
        0.045, 0, 0.045, 0.05653846153846153
      ],
      [
        -0.07481730376948681, -0.005231735530809444, 0, -0.005231735530809444, 0.07481730376948681,
        0.045, 0, 0.045, 0.05653846153846153
      ],
      [
        -0.07336107005503543, -0.01559337681133188, 0, -0.01559337681133188, 0.07336107005503543,
        0.045, 0, 0.045, 0.05653846153846153
      ],
      [
        -0.07047694655894314, -0.025651510749425097, 0, -0.025651510749425097, 0.07047694655894314,
        0.045, 0, 0.045, 0.05653846153846153
      ],
      [
        -0.06622106946441954, -0.035210367208941766, 0, -0.035210367208941766, 0.06622106946441954,
        0.045, 0, 0.045, 0.05653846153846153
      ],
      [
        -0.060676274578121074, -0.04408389392193546, 0, -0.04408389392193546, 0.060676274578121074,
        0.045, 0, 0.045, 0.05653846153846153
      ],
      [
        -0.05395048502539885, -0.052099377784424784, 0, -0.052099377784424784, 0.05395048502539885,
        0.045, 0, 0.045, 0.05653846153846153
      ],
      [
        -0.04617461064942437, -0.059100806520504146, 0, -0.059100806520504146, 0.04617461064942437,
        0.045, 0, 0.045, 0.05653846153846153
      ],
      [
        -0.037499999999999985, -0.0649519052838329, 0, -0.0649519052838329, 0.037499999999999985,
        0.045, 0, 0.045, 0.05653846153846153
      ],
      [
        -0.0280954945061935, -0.06953878909250902, 0, -0.06953878909250902, 0.0280954945061935,
        0.045, 0, 0.045, 0.05653846153846153
      ],
      [
        -0.018144142169975036, -0.07277217947069974, 0, -0.07277217947069974, 0.018144142169975036,
        0.045, 0, 0.045, 0.05653846153846153
      ],
      [
        -0.007839634745074086, -0.07458914215262048, 0, -0.07458914215262048, 0.007839634745074086,
        0.045, 0, 0.045, 0.05653846153846153
      ],
      [
        0.002617462252687511, -0.07495431202643218, 0, -0.07495431202643218, -0.002617462252687511,
        0.045, 0, 0.045, 0.05653846153846153
      ],
      [
        0.013023613325019728, -0.07386058147591561, 0, -0.07386058147591561, -0.013023613325019728,
        0.045, 0, 0.045, 0.05653846153846153
      ],
      [
        0.023176274578121023, -0.07132923872213653, 0, -0.07132923872213653, -0.023176274578121023,
        0.045, 0, 0.045, 0.05653846153846153
      ],
      [
        0.03287783600918067, -0.06740955347243759, 0, -0.06740955347243759, -0.03287783600918067,
        0.045, 0, 0.045, 0.05653846153846153
      ],
      [
        0.04193946776030601, -0.062177817941628126, 0, -0.062177817941628126, -0.04193946776030601,
        0.045, 0, 0.045, 0.05653846153846153
      ],
      [
        0.05018479547691437, -0.05573586191080456, 0, -0.05573586191080456, -0.05018479547691437,
        0.045, 0, 0.045, 0.05653846153846153
      ],
      [
        0.05745333323392336, -0.04820907072649042, 0, -0.04820907072649042, -0.05745333323392336,
        0.045, 0, 0.045, 0.05653846153846153
      ],
      [
        0.06360360721173189, -0.03974394481749045, 0, -0.03974394481749045, -0.06360360721173189,
        0.045, 0, 0.045, 0.05653846153846153
      ],
      [
        0.06851590932319503, -0.030505248230685088, 0, -0.030505248230685088, -0.06851590932319503,
        0.045, 0, 0.045, 0.05653846153846153
      ],
      [
        0.07209462719537389, -0.020672801686275003, 0, -0.020672801686275003, -0.07209462719537389,
        0.045, 0, 0.045, 0.05653846153846153
      ],
      [
        0.07427010515561779, -0.010437982572004826, 0, -0.010437982572004826, -0.07427010515561779,
        0.045, 0, 0.045, 0.05653846153846153
      ],
      [
        0.075, -3.6739403974420595e-17, 0, -3.6739403974420595e-17, -0.075, 0.045, 0, 0.045,
        0.05653846153846153
      ]
    ],
    [
      [
        0.075, 0, 0.0015704773516125436, 0, -0.075, 0.04497258721585931, 0.0015704773516125436,
        0.04497258721585931, 0.05653846153846153
      ],
      [
        0.07427010515561777, 0.010437982572004907, 0.0015704773516125436, 0.010437982572004907,
        -0.07427010515561777, 0.04497258721585931, 0.0015704773516125436, 0.04497258721585931,
        0.05653846153846153
      ],
      [
        0.07209462719537392, 0.020672801686274937, 0.0015704773516125436, 0.020672801686274937,
        -0.07209462719537392, 0.04497258721585931, 0.0015704773516125436, 0.04497258721585931,
        0.05653846153846153
      ],
      [
        0.06851590932319507, 0.03050524823068501, 0.0015704773516125436, 0.03050524823068501,
        -0.06851590932319507, 0.04497258721585931, 0.0015704773516125436, 0.04497258721585931,
        0.05653846153846153
      ],
      [
        0.06360360721173194, 0.03974394481749036, 0.0015704773516125436, 0.03974394481749036,
        -0.06360360721173194, 0.04497258721585931, 0.0015704773516125436, 0.04497258721585931,
        0.05653846153846153
      ],
      [
        0.05745333323392335, 0.048209070726490444, 0.0015704773516125436, 0.048209070726490444,
        -0.05745333323392335, 0.04497258721585931, 0.0015704773516125436, 0.04497258721585931,
        0.05653846153846153
      ],
      [
        0.050184795476914366, 0.05573586191080457, 0.0015704773516125436, 0.05573586191080457,
        -0.050184795476914366, 0.04497258721585931, 0.0015704773516125436, 0.04497258721585931,
        0.05653846153846153
      ],
      [
        0.04193946776030601, 0.062177817941628126, 0.0015704773516125436, 0.062177817941628126,
        -0.04193946776030601, 0.04497258721585931, 0.0015704773516125436, 0.04497258721585931,
        0.05653846153846153
      ],
      [
        0.03287783600918081, 0.06740955347243753, 0.0015704773516125436, 0.06740955347243753,
        -0.03287783600918081, 0.04497258721585931, 0.0015704773516125436, 0.04497258721585931,
        0.05653846153846153
      ],
      [
        0.023176274578121058, 0.0713292387221365, 0.0015704773516125436, 0.0713292387221365,
        -0.023176274578121058, 0.04497258721585931, 0.0015704773516125436, 0.04497258721585931,
        0.05653846153846153
      ],
      [
        0.01302361332501978, 0.0738605814759156, 0.0015704773516125436, 0.0738605814759156,
        -0.01302361332501978, 0.04497258721585931, 0.0015704773516125436, 0.04497258721585931,
        0.05653846153846153
      ],
      [
        0.002617462252687581, 0.07495431202643218, 0.0015704773516125436, 0.07495431202643218,
        -0.002617462252687581, 0.04497258721585931, 0.0015704773516125436, 0.04497258721585931,
        0.05653846153846153
      ],
      [
        -0.007839634745073999, 0.0745891421526205, 0.0015704773516125436, 0.0745891421526205,
        0.007839634745073999, 0.04497258721585931, 0.0015704773516125436, 0.04497258721585931,
        0.05653846153846153
      ],
      [
        -0.018144142169975085, 0.07277217947069974, 0.0015704773516125436, 0.07277217947069974,
        0.018144142169975085, 0.04497258721585931, 0.0015704773516125436, 0.04497258721585931,
        0.05653846153846153
      ],
      [
        -0.028095494506193405, 0.06953878909250906, 0.0015704773516125436, 0.06953878909250906,
        0.028095494506193405, 0.04497258721585931, 0.0015704773516125436, 0.04497258721585931,
        0.05653846153846153
      ],
      [
        -0.037499999999999985, 0.0649519052838329, 0.0015704773516125436, 0.0649519052838329,
        0.037499999999999985, 0.04497258721585931, 0.0015704773516125436, 0.04497258721585931,
        0.05653846153846153
      ],
      [
        -0.04617461064942437, 0.059100806520504146, 0.0015704773516125436, 0.059100806520504146,
        0.04617461064942437, 0.04497258721585931, 0.0015704773516125436, 0.04497258721585931,
        0.05653846153846153
      ],
      [
        -0.05395048502539885, 0.052099377784424784, 0.0015704773516125436, 0.052099377784424784,
        0.05395048502539885, 0.04497258721585931, 0.0015704773516125436, 0.04497258721585931,
        0.05653846153846153
      ],
      [
        -0.060676274578121046, 0.04408389392193549, 0.0015704773516125436, 0.04408389392193549,
        0.060676274578121046, 0.04497258721585931, 0.0015704773516125436, 0.04497258721585931,
        0.05653846153846153
      ],
      [
        -0.06622106946441951, 0.03521036720894183, 0.0015704773516125436, 0.03521036720894183,
        0.06622106946441951, 0.04497258721585931, 0.0015704773516125436, 0.04497258721585931,
        0.05653846153846153
      ],
      [
        -0.07047694655894313, 0.025651510749425167, 0.0015704773516125436, 0.025651510749425167,
        0.07047694655894313, 0.04497258721585931, 0.0015704773516125436, 0.04497258721585931,
        0.05653846153846153
      ],
      [
        -0.07336107005503542, 0.015593376811331949, 0.0015704773516125436, 0.015593376811331949,
        0.07336107005503542, 0.04497258721585931, 0.0015704773516125436, 0.04497258721585931,
        0.05653846153846153
      ],
      [
        -0.07481730376948681, 0.005231735530809414, 0.0015704773516125436, 0.005231735530809414,
        0.07481730376948681, 0.04497258721585931, 0.0015704773516125436, 0.04497258721585931,
        0.05653846153846153
      ],
      [
        -0.07481730376948682, -0.005231735530809362, 0.0015704773516125436, -0.005231735530809362,
        0.07481730376948682, 0.04497258721585931, 0.0015704773516125436, 0.04497258721585931,
        0.05653846153846153
      ],
      [
        -0.07336107005503542, -0.01559337681133193, 0.0015704773516125436, -0.01559337681133193,
        0.07336107005503542, 0.04497258721585931, 0.0015704773516125436, 0.04497258721585931,
        0.05653846153846153
      ],
      [
        -0.07047694655894313, -0.02565151074942515, 0.0015704773516125436, -0.02565151074942515,
        0.07047694655894313, 0.04497258721585931, 0.0015704773516125436, 0.04497258721585931,
        0.05653846153846153
      ],
      [
        -0.06622106946441951, -0.035210367208941815, 0.0015704773516125436, -0.035210367208941815,
        0.06622106946441951, 0.04497258721585931, 0.0015704773516125436, 0.04497258721585931,
        0.05653846153846153
      ],
      [
        -0.06067627457812105, -0.04408389392193548, 0.0015704773516125436, -0.04408389392193548,
        0.06067627457812105, 0.04497258721585931, 0.0015704773516125436, 0.04497258721585931,
        0.05653846153846153
      ],
      [
        -0.05395048502539883, -0.0520993777844248, 0.0015704773516125436, -0.0520993777844248,
        0.05395048502539883, 0.04497258721585931, 0.0015704773516125436, 0.04497258721585931,
        0.05653846153846153
      ],
      [
        -0.04617461064942435, -0.05910080652050416, 0.0015704773516125436, -0.05910080652050416,
        0.04617461064942435, 0.04497258721585931, 0.0015704773516125436, 0.04497258721585931,
        0.05653846153846153
      ],
      [
        -0.03750000000000003, -0.06495190528383288, 0.0015704773516125436, -0.06495190528383288,
        0.03750000000000003, 0.04497258721585931, 0.0015704773516125436, 0.04497258721585931,
        0.05653846153846153
      ],
      [
        -0.028095494506193423, -0.06953878909250905, 0.0015704773516125436, -0.06953878909250905,
        0.028095494506193423, 0.04497258721585931, 0.0015704773516125436, 0.04497258721585931,
        0.05653846153846153
      ],
      [
        -0.018144142169975085, -0.07277217947069974, 0.0015704773516125436, -0.07277217947069974,
        0.018144142169975085, 0.04497258721585931, 0.0015704773516125436, 0.04497258721585931,
        0.05653846153846153
      ],
      [
        -0.007839634745074002, -0.0745891421526205, 0.0015704773516125436, -0.0745891421526205,
        0.007839634745074002, 0.04497258721585931, 0.0015704773516125436, 0.04497258721585931,
        0.05653846153846153
      ],
      [
        0.002617462252687596, -0.07495431202643218, 0.0015704773516125436, -0.07495431202643218,
        -0.002617462252687596, 0.04497258721585931, 0.0015704773516125436, 0.04497258721585931,
        0.05653846153846153
      ],
      [
        0.013023613325019747, -0.07386058147591561, 0.0015704773516125436, -0.07386058147591561,
        -0.013023613325019747, 0.04497258721585931, 0.0015704773516125436, 0.04497258721585931,
        0.05653846153846153
      ],
      [
        0.02317627457812104, -0.07132923872213652, 0.0015704773516125436, -0.07132923872213652,
        -0.02317627457812104, 0.04497258721585931, 0.0015704773516125436, 0.04497258721585931,
        0.05653846153846153
      ],
      [
        0.0328778360091808, -0.06740955347243753, 0.0015704773516125436, -0.06740955347243753,
        -0.0328778360091808, 0.04497258721585931, 0.0015704773516125436, 0.04497258721585931,
        0.05653846153846153
      ],
      [
        0.041939467760305965, -0.062177817941628154, 0.0015704773516125436, -0.062177817941628154,
        -0.041939467760305965, 0.04497258721585931, 0.0015704773516125436, 0.04497258721585931,
        0.05653846153846153
      ],
      [
        0.05018479547691433, -0.05573586191080459, 0.0015704773516125436, -0.05573586191080459,
        -0.05018479547691433, 0.04497258721585931, 0.0015704773516125436, 0.04497258721585931,
        0.05653846153846153
      ],
      [
        0.057453333233923334, -0.048209070726490465, 0.0015704773516125436, -0.048209070726490465,
        -0.057453333233923334, 0.04497258721585931, 0.0015704773516125436, 0.04497258721585931,
        0.05653846153846153
      ],
      [
        0.0636036072117319, -0.03974394481749043, 0.0015704773516125436, -0.03974394481749043,
        -0.0636036072117319, 0.04497258721585931, 0.0015704773516125436, 0.04497258721585931,
        0.05653846153846153
      ],
      [
        0.06851590932319507, -0.03050524823068501, 0.0015704773516125436, -0.03050524823068501,
        -0.06851590932319507, 0.04497258721585931, 0.0015704773516125436, 0.04497258721585931,
        0.05653846153846153
      ],
      [
        0.07209462719537389, -0.020672801686274982, 0.0015704773516125436, -0.020672801686274982,
        -0.07209462719537389, 0.04497258721585931, 0.0015704773516125436, 0.04497258721585931,
        0.05653846153846153
      ],
      [
        0.07427010515561777, -0.01043798257200494, 0.0015704773516125436, -0.01043798257200494,
        -0.07427010515561777, 0.04497258721585931, 0.0015704773516125436, 0.04497258721585931,
        0.05653846153846153
      ],
      [
        0.075, -1.8369701987210297e-17, 0.0015704773516125436, -1.8369701987210297e-17, -0.075,
        0.04497258721585931, 0.0015704773516125436, 0.04497258721585931, 0.05653846153846153
      ],
      [
        0.07427010515561779, 0.01043798257200484, 0.0015704773516125436, 0.01043798257200484,
        -0.07427010515561779, 0.04497258721585931, 0.0015704773516125436, 0.04497258721585931,
        0.05653846153846153
      ],
      [
        0.0720946271953739, 0.020672801686274948, 0.0015704773516125436, 0.020672801686274948,
        -0.0720946271953739, 0.04497258721585931, 0.0015704773516125436, 0.04497258721585931,
        0.05653846153846153
      ],
      [
        0.06851590932319508, 0.030505248230684977, 0.0015704773516125436, 0.030505248230684977,
        -0.06851590932319508, 0.04497258721585931, 0.0015704773516125436, 0.04497258721585931,
        0.05653846153846153
      ],
      [
        0.06360360721173196, 0.03974394481749035, 0.0015704773516125436, 0.03974394481749035,
        -0.06360360721173196, 0.04497258721585931, 0.0015704773516125436, 0.04497258721585931,
        0.05653846153846153
      ],
      [
        0.057453333233923355, 0.04820907072649044, 0.0015704773516125436, 0.04820907072649044,
        -0.057453333233923355, 0.04497258721585931, 0.0015704773516125436, 0.04497258721585931,
        0.05653846153846153
      ],
      [
        0.050184795476914415, 0.05573586191080453, 0.0015704773516125436, 0.05573586191080453,
        -0.050184795476914415, 0.04497258721585931, 0.0015704773516125436, 0.04497258721585931,
        0.05653846153846153
      ],
      [
        0.041939467760306, 0.06217781794162813, 0.0015704773516125436, 0.06217781794162813,
        -0.041939467760306, 0.04497258721585931, 0.0015704773516125436, 0.04497258721585931,
        0.05653846153846153
      ],
      [
        0.03287783600918084, 0.0674095534724375, 0.0015704773516125436, 0.0674095534724375,
        -0.03287783600918084, 0.04497258721585931, 0.0015704773516125436, 0.04497258721585931,
        0.05653846153846153
      ],
      [
        0.02317627457812108, 0.0713292387221365, 0.0015704773516125436, 0.0713292387221365,
        -0.02317627457812108, 0.04497258721585931, 0.0015704773516125436, 0.04497258721585931,
        0.05653846153846153
      ],
      [
        0.013023613325019784, 0.0738605814759156, 0.0015704773516125436, 0.0738605814759156,
        -0.013023613325019784, 0.04497258721585931, 0.0015704773516125436, 0.04497258721585931,
        0.05653846153846153
      ],
      [
        0.002617462252687566, 0.07495431202643218, 0.0015704773516125436, 0.07495431202643218,
        -0.002617462252687566, 0.04497258721585931, 0.0015704773516125436, 0.04497258721585931,
        0.05653846153846153
      ],
      [
        -0.007839634745073966, 0.0745891421526205, 0.0015704773516125436, 0.0745891421526205,
        0.007839634745073966, 0.04497258721585931, 0.0015704773516125436, 0.04497258721585931,
        0.05653846153846153
      ],
      [
        -0.018144142169975112, 0.07277217947069972, 0.0015704773516125436, 0.07277217947069972,
        0.018144142169975112, 0.04497258721585931, 0.0015704773516125436, 0.04497258721585931,
        0.05653846153846153
      ],
      [
        -0.028095494506193325, 0.06953878909250909, 0.0015704773516125436, 0.06953878909250909,
        0.028095494506193325, 0.04497258721585931, 0.0015704773516125436, 0.04497258721585931,
        0.05653846153846153
      ],
      [
        -0.03749999999999994, 0.06495190528383293, 0.0015704773516125436, 0.06495190528383293,
        0.03749999999999994, 0.04497258721585931, 0.0015704773516125436, 0.04497258721585931,
        0.05653846153846153
      ],
      [
        -0.04617461064942433, 0.05910080652050417, 0.0015704773516125436, 0.05910080652050417,
        0.04617461064942433, 0.04497258721585931, 0.0015704773516125436, 0.04497258721585931,
        0.05653846153846153
      ],
      [
        -0.05395048502539881, 0.052099377784424826, 0.0015704773516125436, 0.052099377784424826,
        0.05395048502539881, 0.04497258721585931, 0.0015704773516125436, 0.04497258721585931,
        0.05653846153846153
      ],
      [
        -0.06067627457812104, 0.0440838939219355, 0.0015704773516125436, 0.0440838939219355,
        0.06067627457812104, 0.04497258721585931, 0.0015704773516125436, 0.04497258721585931,
        0.05653846153846153
      ],
      [
        -0.06622106946441951, 0.035210367208941815, 0.0015704773516125436, 0.035210367208941815,
        0.06622106946441951, 0.04497258721585931, 0.0015704773516125436, 0.04497258721585931,
        0.05653846153846153
      ],
      [
        -0.07047694655894313, 0.025651510749425153, 0.0015704773516125436, 0.025651510749425153,
        0.07047694655894313, 0.04497258721585931, 0.0015704773516125436, 0.04497258721585931,
        0.05653846153846153
      ],
      [
        -0.07336107005503542, 0.015593376811331933, 0.0015704773516125436, 0.015593376811331933,
        0.07336107005503542, 0.04497258721585931, 0.0015704773516125436, 0.04497258721585931,
        0.05653846153846153
      ],
      [
        -0.07481730376948681, 0.005231735530809498, 0.0015704773516125436, 0.005231735530809498,
        0.07481730376948681, 0.04497258721585931, 0.0015704773516125436, 0.04497258721585931,
        0.05653846153846153
      ],
      [
        -0.07481730376948681, -0.005231735530809444, 0.0015704773516125436, -0.005231735530809444,
        0.07481730376948681, 0.04497258721585931, 0.0015704773516125436, 0.04497258721585931,
        0.05653846153846153
      ],
      [
        -0.07336107005503543, -0.01559337681133188, 0.0015704773516125436, -0.01559337681133188,
        0.07336107005503543, 0.04497258721585931, 0.0015704773516125436, 0.04497258721585931,
        0.05653846153846153
      ],
      [
        -0.07047694655894314, -0.025651510749425097, 0.0015704773516125436, -0.025651510749425097,
        0.07047694655894314, 0.04497258721585931, 0.0015704773516125436, 0.04497258721585931,
        0.05653846153846153
      ],
      [
        -0.06622106946441954, -0.035210367208941766, 0.0015704773516125436, -0.035210367208941766,
        0.06622106946441954, 0.04497258721585931, 0.0015704773516125436, 0.04497258721585931,
        0.05653846153846153
      ],
      [
        -0.060676274578121074, -0.04408389392193546, 0.0015704773516125436, -0.04408389392193546,
        0.060676274578121074, 0.04497258721585931, 0.0015704773516125436, 0.04497258721585931,
        0.05653846153846153
      ],
      [
        -0.05395048502539885, -0.052099377784424784, 0.0015704773516125436, -0.052099377784424784,
        0.05395048502539885, 0.04497258721585931, 0.0015704773516125436, 0.04497258721585931,
        0.05653846153846153
      ],
      [
        -0.04617461064942437, -0.059100806520504146, 0.0015704773516125436, -0.059100806520504146,
        0.04617461064942437, 0.04497258721585931, 0.0015704773516125436, 0.04497258721585931,
        0.05653846153846153
      ],
      [
        -0.037499999999999985, -0.0649519052838329, 0.0015704773516125436, -0.0649519052838329,
        0.037499999999999985, 0.04497258721585931, 0.0015704773516125436, 0.04497258721585931,
        0.05653846153846153
      ],
      [
        -0.0280954945061935, -0.06953878909250902, 0.0015704773516125436, -0.06953878909250902,
        0.0280954945061935, 0.04497258721585931, 0.0015704773516125436, 0.04497258721585931,
        0.05653846153846153
      ],
      [
        -0.018144142169975036, -0.07277217947069974, 0.0015704773516125436, -0.07277217947069974,
        0.018144142169975036, 0.04497258721585931, 0.0015704773516125436, 0.04497258721585931,
        0.05653846153846153
      ],
      [
        -0.007839634745074086, -0.07458914215262048, 0.0015704773516125436, -0.07458914215262048,
        0.007839634745074086, 0.04497258721585931, 0.0015704773516125436, 0.04497258721585931,
        0.05653846153846153
      ],
      [
        0.002617462252687511, -0.07495431202643218, 0.0015704773516125436, -0.07495431202643218,
        -0.002617462252687511, 0.04497258721585931, 0.0015704773516125436, 0.04497258721585931,
        0.05653846153846153
      ],
      [
        0.013023613325019728, -0.07386058147591561, 0.0015704773516125436, -0.07386058147591561,
        -0.013023613325019728, 0.04497258721585931, 0.0015704773516125436, 0.04497258721585931,
        0.05653846153846153
      ],
      [
        0.023176274578121023, -0.07132923872213653, 0.0015704773516125436, -0.07132923872213653,
        -0.023176274578121023, 0.04497258721585931, 0.0015704773516125436, 0.04497258721585931,
        0.05653846153846153
      ],
      [
        0.03287783600918067, -0.06740955347243759, 0.0015704773516125436, -0.06740955347243759,
        -0.03287783600918067, 0.04497258721585931, 0.0015704773516125436, 0.04497258721585931,
        0.05653846153846153
      ],
      [
        0.04193946776030601, -0.062177817941628126, 0.0015704773516125436, -0.062177817941628126,
        -0.04193946776030601, 0.04497258721585931, 0.0015704773516125436, 0.04497258721585931,
        0.05653846153846153
      ],
      [
        0.05018479547691437, -0.05573586191080456, 0.0015704773516125436, -0.05573586191080456,
        -0.05018479547691437, 0.04497258721585931, 0.0015704773516125436, 0.04497258721585931,
        0.05653846153846153
      ],
      [
        0.05745333323392336, -0.04820907072649042, 0.0015704773516125436, -0.04820907072649042,
        -0.05745333323392336, 0.04497258721585931, 0.0015704773516125436, 0.04497258721585931,
        0.05653846153846153
      ],
      [
        0.06360360721173189, -0.03974394481749045, 0.0015704773516125436, -0.03974394481749045,
        -0.06360360721173189, 0.04497258721585931, 0.0015704773516125436, 0.04497258721585931,
        0.05653846153846153
      ],
      [
        0.06851590932319503, -0.030505248230685088, 0.0015704773516125436, -0.030505248230685088,
        -0.06851590932319503, 0.04497258721585931, 0.0015704773516125436, 0.04497258721585931,
        0.05653846153846153
      ],
      [
        0.07209462719537389, -0.020672801686275003, 0.0015704773516125436, -0.020672801686275003,
        -0.07209462719537389, 0.04497258721585931, 0.0015704773516125436, 0.04497258721585931,
        0.05653846153846153
      ],
      [
        0.07427010515561779, -0.010437982572004826, 0.0015704773516125436, -0.010437982572004826,
        -0.07427010515561779, 0.04497258721585931, 0.0015704773516125436, 0.04497258721585931,
        0.05653846153846153
      ],
      [
        0.075, -3.6739403974420595e-17, 0.0015704773516125436, -3.6739403974420595e-17, -0.075,
        0.04497258721585931, 0.0015704773516125436, 0.04497258721585931, 0.05653846153846153
      ]
    ],
    [
      [
        0.075, 0, 0.0031390413184856384, 0, -0.075, 0.044890382261692084, 0.0031390413184856384,
        0.044890382261692084, 0.05653846153846153
      ],
      [
        0.07427010515561777, 0.010437982572004907, 0.0031390413184856384, 0.010437982572004907,
