{
  "productionMode": "gg",
  "basis": "off-diagonal",
  "energy": "8TeV",
  "thetaSteps": 91,
  "phiSteps": 91,
  "thetaRange": [
    0, 0.03490658503988659, 0.06981317007977318, 0.10471975511965977, 0.13962634015954636,
    0.17453292519943295, 0.20943951023931953, 0.24434609527920614, 0.2792526803190927,
    0.3141592653589793, 0.3490658503988659, 0.3839724354387525, 0.41887902047863906,
    0.4537856055185257, 0.4886921905584123, 0.5235987755982988, 0.5585053606381855,
    0.5934119456780721, 0.6283185307179586, 0.6632251157578452, 0.6981317007977318,
    0.7330382858376184, 0.767944870877505, 0.8028514559173915, 0.8377580409572781,
    0.8726646259971648, 0.9075712110370514, 0.9424777960769379, 0.9773843811168246,
    1.0122909661567112, 1.0471975511965976, 1.0821041362364843, 1.117010721276371,
    1.1519173063162575, 1.1868238913561442, 1.2217304763960306, 1.2566370614359172,
    1.2915436464758039, 1.3264502315156903, 1.361356816555577, 1.3962634015954636, 1.43116998663535,
    1.4660765716752369, 1.5009831567151233, 1.53588974175501, 1.5707963267948966, 1.605702911834783,
    1.6406094968746698, 1.6755160819145563, 1.710422666954443, 1.7453292519943295,
    1.780235837034216, 1.8151424220741028, 1.8500490071139892, 1.8849555921538759,
    1.9198621771937625, 1.9547687622336491, 1.9896753472735356, 2.0245819323134224,
    2.0594885173533086, 2.0943951023931953, 2.129301687433082, 2.1642082724729685,
    2.199114857512855, 2.234021442552742, 2.2689280275926285, 2.303834612632515, 2.3387411976724013,
    2.3736477827122884, 2.4085543677521746, 2.443460952792061, 2.478367537831948,
    2.5132741228718345, 2.548180707911721, 2.5830872929516078, 2.6179938779914944,
    2.6529004630313806, 2.6878070480712677, 2.722713633111154, 2.7576202181510405,
    2.792526803190927, 2.827433388230814, 2.8623399732707, 2.897246558310587, 2.9321531433504737,
    2.9670597283903604, 3.0019663134302466, 3.036872898470133, 3.07177948351002, 3.106686068549907,
    3.141592653589793
  ],
  "phiRange": [
    0, 0.06981317007977318, 0.13962634015954636, 0.20943951023931953, 0.2792526803190927,
    0.3490658503988659, 0.41887902047863906, 0.4886921905584123, 0.5585053606381855,
    0.6283185307179586, 0.6981317007977318, 0.767944870877505, 0.8377580409572781,
    0.9075712110370514, 0.9773843811168246, 1.0471975511965976, 1.117010721276371,
    1.1868238913561442, 1.2566370614359172, 1.3264502315156903, 1.3962634015954636,
    1.4660765716752369, 1.53588974175501, 1.605702911834783, 1.6755160819145563, 1.7453292519943295,
    1.8151424220741028, 1.8849555921538759, 1.9547687622336491, 2.0245819323134224,
    2.0943951023931953, 2.1642082724729685, 2.234021442552742, 2.303834612632515,
    2.3736477827122884, 2.443460952792061, 2.5132741228718345, 2.5830872929516078,
    2.6529004630313806, 2.722713633111154, 2.792526803190927, 2.8623399732707, 2.9321531433504737,
    3.0019663134302466, 3.07177948351002, 3.141592653589793, 3.211405823669566, 3.2812189937493397,
    3.3510321638291125, 3.420845333908886, 3.490658503988659, 3.560471674068432, 3.6302848441482056,
    3.7000980142279785, 3.7699111843077517, 3.839724354387525, 3.9095375244672983,
    3.979350694547071, 4.049163864626845, 4.118977034706617, 4.1887902047863905, 4.258603374866164,
    4.328416544945937, 4.39822971502571, 4.468042885105484, 4.537856055185257, 4.60766922526503,
    4.677482395344803, 4.747295565424577, 4.817108735504349, 4.886921905584122, 4.956735075663896,
    5.026548245743669, 5.096361415823442, 5.1661745859032155, 5.235987755982989, 5.305800926062761,
    5.375614096142535, 5.445427266222308, 5.515240436302081, 5.585053606381854, 5.654866776461628,
    5.7246799465414, 5.794493116621174, 5.8643062867009474, 5.934119456780721, 6.003932626860493,
    6.073745796940266, 6.14355896702004, 6.213372137099814, 6.283185307179586
  ],
  "grids": [
    [
      [0.06, 0.0587442556678055, 0, 0.0587442556678055, 0.06, 0.09, 0, 0.09, 0.09],
      [
        0.06, 0.0587442556678055, 0.006278082636971277, 0.0587442556678055, 0.06,
        0.08978076452338417, 0.006278082636971277, 0.08978076452338417, 0.09
      ],
      [
        0.06, 0.0587442556678055, 0.01252557908640589, 0.0587442556678055, 0.06,
        0.08912412618674133, 0.01252557908640589, 0.08912412618674133, 0.09
      ],
      [
        0.06, 0.0587442556678055, 0.018712052173598337, 0.0587442556678055, 0.06,
        0.08803328406604251, 0.018712052173598337, 0.08803328406604251, 0.09
      ],
      [
        0.06, 0.0587442556678055, 0.024807362023529924, 0.0587442556678055, 0.06,
        0.0865135526344487, 0.024807362023529924, 0.0865135526344487, 0.09
      ],
      [
        0.06, 0.0587442556678055, 0.030781812899310184, 0.0587442556678055, 0.06,
        0.08457233587073175, 0.030781812899310184, 0.08457233587073175, 0.09
      ],
      [
        0.06, 0.0587442556678055, 0.036606297876822014, 0.0587442556678055, 0.06,
        0.08221909118783408, 0.036606297876822014, 0.08221909118783408, 0.09
      ],
      [
        0.06, 0.0587442556678055, 0.04225244065073017, 0.0587442556678055, 0.06,
        0.07946528335730342, 0.04225244065073017, 0.07946528335730342, 0.09
      ],
      [
        0.06, 0.0587442556678055, 0.04769273378098844, 0.0587442556678055, 0.06,
        0.07632432865407833, 0.04769273378098844, 0.07632432865407833, 0.09
      ],
      [
        0.06, 0.0587442556678055, 0.05290067270632258, 0.0587442556678055, 0.06,
        0.07281152949374527, 0.05290067270632258, 0.07281152949374527, 0.09
      ],
      [
        0.06, 0.0587442556678055, 0.05785088487178853, 0.0587442556678055, 0.06,
        0.06894399988070801, 0.05785088487178853, 0.06894399988070801, 0.09
      ],
      [
        0.06, 0.0587442556678055, 0.06251925334130976, 0.0587442556678055, 0.06,
        0.06474058203047861, 0.06251925334130976, 0.06474058203047861, 0.09
      ],
      [
        0.06, 0.0587442556678055, 0.06688303429296548, 0.0587442556678055, 0.06,
        0.06022175457229724, 0.06688303429296548, 0.06022175457229724, 0.09
      ],
      [
        0.06, 0.0587442556678055, 0.07092096782460498, 0.0587442556678055, 0.06,
        0.05540953277930925, 0.07092096782460498, 0.05540953277930925, 0.09
      ],
      [
        0.06, 0.0587442556678055, 0.07461338152995375, 0.0587442556678055, 0.06,
        0.05032736131236721, 0.07461338152995375, 0.05032736131236721, 0.09
      ],
      [
        0.06, 0.0587442556678055, 0.07794228634059946, 0.0587442556678055, 0.06,
        0.045000000000000005, 0.07794228634059946, 0.045000000000000005, 0.09
      ],
      [
        0.06, 0.0587442556678055, 0.08089146416692503, 0.0587442556678055, 0.06,
        0.03945340321101697, 0.08089146416692503, 0.03945340321101697, 0.09
      ],
      [
        0.06, 0.0587442556678055, 0.08344654691101086, 0.0587442556678055, 0.06,
        0.033714593407432075, 0.08344654691101086, 0.033714593407432075, 0.09
      ],
      [
        0.06, 0.0587442556678055, 0.08559508646656382, 0.0587442556678055, 0.06,
        0.02781152949374527, 0.08559508646656382, 0.02781152949374527, 0.09
      ],
      [
        0.06, 0.0587442556678055, 0.08732661536483968, 0.0587442556678055, 0.06,
        0.02177297060397011, 0.08732661536483968, 0.02177297060397011, 0.09
      ],
      [
        0.06, 0.0587442556678055, 0.08863269777109872, 0.0587442556678055, 0.06,
        0.015628335990023737, 0.08863269777109872, 0.015628335990023737, 0.09
      ],
      [
        0.06, 0.0587442556678055, 0.0895069705831446, 0.0587442556678055, 0.06, 0.00940756169408881,
        0.0895069705831446, 0.00940756169408881, 0.09
      ],
      [
        0.06, 0.0587442556678055, 0.08994517443171862, 0.0587442556678055, 0.06,
        0.003140954703225097, 0.08994517443171862, 0.003140954703225097, 0.09
      ],
      [
        0.06, 0.0587442556678055, 0.08994517443171862, 0.0587442556678055, 0.06,
        -0.003140954703225066, 0.08994517443171862, -0.003140954703225066, 0.09
      ],
      [
        0.06, 0.0587442556678055, 0.08950697058314461, 0.0587442556678055, 0.06,
        -0.0094075616940888, 0.08950697058314461, -0.0094075616940888, 0.09
      ],
      [
        0.06, 0.0587442556678055, 0.08863269777109872, 0.0587442556678055, 0.06,
        -0.015628335990023726, 0.08863269777109872, -0.015628335990023726, 0.09
      ],
      [
        0.06, 0.0587442556678055, 0.08732661536483968, 0.0587442556678055, 0.06,
        -0.0217729706039701, 0.08732661536483968, -0.0217729706039701, 0.09
      ],
      [
        0.06, 0.0587442556678055, 0.08559508646656383, 0.0587442556678055, 0.06,
        -0.027811529493745258, 0.08559508646656383, -0.027811529493745258, 0.09
      ],
      [
        0.06, 0.0587442556678055, 0.08344654691101086, 0.0587442556678055, 0.06,
        -0.03371459340743208, 0.08344654691101086, -0.03371459340743208, 0.09
      ],
      [
        0.06, 0.0587442556678055, 0.08089146416692503, 0.0587442556678055, 0.06,
        -0.03945340321101697, 0.08089146416692503, -0.03945340321101697, 0.09
      ],
      [
        0.06, 0.0587442556678055, 0.07794228634059948, 0.0587442556678055, 0.06,
        -0.04499999999999998, 0.07794228634059948, -0.04499999999999998, 0.09
      ],
      [
        0.06, 0.0587442556678055, 0.07461338152995375, 0.0587442556678055, 0.06,
        -0.0503273613123672, 0.07461338152995375, -0.0503273613123672, 0.09
      ],
      [
        0.06, 0.0587442556678055, 0.07092096782460498, 0.0587442556678055, 0.06,
        -0.05540953277930925, 0.07092096782460498, -0.05540953277930925, 0.09
      ],
      [
        0.06, 0.0587442556678055, 0.06688303429296548, 0.0587442556678055, 0.06,
        -0.06022175457229724, 0.06688303429296548, -0.06022175457229724, 0.09
      ],
      [
        0.06, 0.0587442556678055, 0.06251925334130974, 0.0587442556678055, 0.06,
        -0.06474058203047861, 0.06251925334130974, -0.06474058203047861, 0.09
      ],
      [
        0.06, 0.0587442556678055, 0.05785088487178855, 0.0587442556678055, 0.06,
        -0.06894399988070801, 0.05785088487178855, -0.06894399988070801, 0.09
      ],
      [
        0.06, 0.0587442556678055, 0.05290067270632259, 0.0587442556678055, 0.06,
        -0.07281152949374525, 0.05290067270632259, -0.07281152949374525, 0.09
      ],
      [
        0.06, 0.0587442556678055, 0.04769273378098844, 0.0587442556678055, 0.06,
        -0.07632432865407833, 0.04769273378098844, -0.07632432865407833, 0.09
      ],
      [
        0.06, 0.0587442556678055, 0.042252440650730194, 0.0587442556678055, 0.06,
        -0.0794652833573034, 0.042252440650730194, -0.0794652833573034, 0.09
      ],
      [
        0.06, 0.0587442556678055, 0.036606297876822035, 0.0587442556678055, 0.06,
        -0.08221909118783406, 0.036606297876822035, -0.08221909118783406, 0.09
      ],
      [
        0.06, 0.0587442556678055, 0.030781812899310198, 0.0587442556678055, 0.06,
        -0.08457233587073175, 0.030781812899310198, -0.08457233587073175, 0.09
      ],
      [
        0.06, 0.0587442556678055, 0.02480736202352997, 0.0587442556678055, 0.06,
        -0.08651355263444868, 0.02480736202352997, -0.08651355263444868, 0.09
      ],
      [
        0.06, 0.0587442556678055, 0.018712052173598337, 0.0587442556678055, 0.06,
        -0.08803328406604251, 0.018712052173598337, -0.08803328406604251, 0.09
      ],
      [
        0.06, 0.0587442556678055, 0.012525579086405916, 0.0587442556678055, 0.06,
        -0.08912412618674131, 0.012525579086405916, -0.08912412618674131, 0.09
      ],
      [
        0.06, 0.0587442556678055, 0.006278082636971297, 0.0587442556678055, 0.06,
        -0.08978076452338417, 0.006278082636971297, -0.08978076452338417, 0.09
      ],
      [
        0.06, 0.0587442556678055, 1.1021821192326179e-17, 0.0587442556678055, 0.06, -0.09,
        1.1021821192326179e-17, -0.09, 0.09
      ],
      [
        0.06, 0.0587442556678055, -0.006278082636971234, 0.0587442556678055, 0.06,
        -0.08978076452338418, -0.006278082636971234, -0.08978076452338418, 0.09
      ],
      [
        0.06, 0.0587442556678055, -0.012525579086405897, 0.0587442556678055, 0.06,
        -0.08912412618674131, -0.012525579086405897, -0.08912412618674131, 0.09
      ],
      [
        0.06, 0.0587442556678055, -0.018712052173598316, 0.0587442556678055, 0.06,
        -0.08803328406604251, -0.018712052173598316, -0.08803328406604251, 0.09
      ],
      [
        0.06, 0.0587442556678055, -0.02480736202352991, 0.0587442556678055, 0.06,
        -0.0865135526344487, -0.02480736202352991, -0.0865135526344487, 0.09
      ],
      [
        0.06, 0.0587442556678055, -0.030781812899310177, 0.0587442556678055, 0.06,
        -0.08457233587073175, -0.030781812899310177, -0.08457233587073175, 0.09
      ],
      [
        0.06, 0.0587442556678055, -0.03660629787682198, 0.0587442556678055, 0.06,
        -0.08221909118783409, -0.03660629787682198, -0.08221909118783409, 0.09
      ],
      [
        0.06, 0.0587442556678055, -0.04225244065073017, 0.0587442556678055, 0.06,
        -0.07946528335730342, -0.04225244065073017, -0.07946528335730342, 0.09
      ],
      [
        0.06, 0.0587442556678055, -0.04769273378098843, 0.0587442556678055, 0.06,
        -0.07632432865407834, -0.04769273378098843, -0.07632432865407834, 0.09
      ],
      [
        0.06, 0.0587442556678055, -0.05290067270632257, 0.0587442556678055, 0.06,
        -0.07281152949374527, -0.05290067270632257, -0.07281152949374527, 0.09
      ],
      [
        0.06, 0.0587442556678055, -0.05785088487178853, 0.0587442556678055, 0.06,
        -0.06894399988070803, -0.05785088487178853, -0.06894399988070803, 0.09
      ],
      [
        0.06, 0.0587442556678055, -0.06251925334130976, 0.0587442556678055, 0.06,
        -0.0647405820304786, -0.06251925334130976, -0.0647405820304786, 0.09
      ],
      [
        0.06, 0.0587442556678055, -0.06688303429296547, 0.0587442556678055, 0.06,
        -0.06022175457229726, -0.06688303429296547, -0.06022175457229726, 0.09
      ],
      [
        0.06, 0.0587442556678055, -0.07092096782460498, 0.0587442556678055, 0.06,
        -0.055409532779309226, -0.07092096782460498, -0.055409532779309226, 0.09
      ],
      [
        0.06, 0.0587442556678055, -0.07461338152995373, 0.0587442556678055, 0.06,
        -0.05032736131236725, -0.07461338152995373, -0.05032736131236725, 0.09
      ],
      [
        0.06, 0.0587442556678055, -0.07794228634059946, 0.0587442556678055, 0.06,
        -0.04500000000000004, -0.07794228634059946, -0.04500000000000004, 0.09
      ],
      [
        0.06, 0.0587442556678055, -0.08089146416692501, 0.0587442556678055, 0.06,
        -0.039453403211016994, -0.08089146416692501, -0.039453403211016994, 0.09
      ],
      [
        0.06, 0.0587442556678055, -0.08344654691101086, 0.0587442556678055, 0.06,
        -0.0337145934074321, -0.08344654691101086, -0.0337145934074321, 0.09
      ],
      [
        0.06, 0.0587442556678055, -0.08559508646656382, 0.0587442556678055, 0.06,
        -0.02781152949374528, -0.08559508646656382, -0.02781152949374528, 0.09
      ],
      [
        0.06, 0.0587442556678055, -0.08732661536483968, 0.0587442556678055, 0.06,
        -0.0217729706039701, -0.08732661536483968, -0.0217729706039701, 0.09
      ],
      [
        0.06, 0.0587442556678055, -0.08863269777109872, 0.0587442556678055, 0.06,
        -0.01562833599002373, -0.08863269777109872, -0.01562833599002373, 0.09
      ],
      [
        0.06, 0.0587442556678055, -0.08950697058314461, 0.0587442556678055, 0.06,
        -0.009407561694088802, -0.08950697058314461, -0.009407561694088802, 0.09
      ],
      [
        0.06, 0.0587442556678055, -0.08994517443171861, 0.0587442556678055, 0.06,
        -0.0031409547032251483, -0.08994517443171861, -0.0031409547032251483, 0.09
      ],
      [
        0.06, 0.0587442556678055, -0.08994517443171862, 0.0587442556678055, 0.06,
        0.0031409547032251153, -0.08994517443171862, 0.0031409547032251153, 0.09
      ],
      [
        0.06, 0.0587442556678055, -0.08950697058314461, 0.0587442556678055, 0.06,
        0.00940756169408877, -0.08950697058314461, 0.00940756169408877, 0.09
      ],
      [
        0.06, 0.0587442556678055, -0.08863269777109872, 0.0587442556678055, 0.06,
        0.015628335990023695, -0.08863269777109872, 0.015628335990023695, 0.09
      ],
      [
        0.06, 0.0587442556678055, -0.08732661536483968, 0.0587442556678055, 0.06,
        0.02177297060397007, -0.08732661536483968, 0.02177297060397007, 0.09
      ],
      [
        0.06, 0.0587442556678055, -0.08559508646656383, 0.0587442556678055, 0.06,
        0.02781152949374525, -0.08559508646656383, 0.02781152949374525, 0.09
      ],
      [
        0.06, 0.0587442556678055, -0.08344654691101086, 0.0587442556678055, 0.06,
        0.033714593407432075, -0.08344654691101086, 0.033714593407432075, 0.09
      ],
      [
        0.06, 0.0587442556678055, -0.08089146416692503, 0.0587442556678055, 0.06,
        0.039453403211016966, -0.08089146416692503, 0.039453403211016966, 0.09
      ],
      [
        0.06, 0.0587442556678055, -0.07794228634059946, 0.0587442556678055, 0.06,
        0.045000000000000005, -0.07794228634059946, 0.045000000000000005, 0.09
      ],
      [
        0.06, 0.0587442556678055, -0.07461338152995378, 0.0587442556678055, 0.06,
        0.05032736131236716, -0.07461338152995378, 0.05032736131236716, 0.09
      ],
      [
        0.06, 0.0587442556678055, -0.07092096782460496, 0.0587442556678055, 0.06,
        0.05540953277930927, -0.07092096782460496, 0.05540953277930927, 0.09
      ],
      [
        0.06, 0.0587442556678055, -0.06688303429296551, 0.0587442556678055, 0.06,
        0.0602217545722972, -0.06688303429296551, 0.0602217545722972, 0.09
      ],
      [
        0.06, 0.0587442556678055, -0.06251925334130978, 0.0587442556678055, 0.06,
        0.06474058203047857, -0.06251925334130978, 0.06474058203047857, 0.09
      ],
      [
        0.06, 0.0587442556678055, -0.05785088487178856, 0.0587442556678055, 0.06, 0.068943999880708,
        -0.05785088487178856, 0.068943999880708, 0.09
      ],
      [
        0.06, 0.0587442556678055, -0.0529006727063226, 0.0587442556678055, 0.06,
        0.07281152949374525, -0.0529006727063226, 0.07281152949374525, 0.09
      ],
      [
        0.06, 0.0587442556678055, -0.04769273378098852, 0.0587442556678055, 0.06,
        0.07632432865407829, -0.04769273378098852, 0.07632432865407829, 0.09
      ],
      [
        0.06, 0.0587442556678055, -0.04225244065073017, 0.0587442556678055, 0.06,
        0.07946528335730342, -0.04225244065073017, 0.07946528335730342, 0.09
      ],
      [
        0.06, 0.0587442556678055, -0.036606297876822014, 0.0587442556678055, 0.06,
        0.08221909118783409, -0.036606297876822014, 0.08221909118783409, 0.09
      ],
      [
        0.06, 0.0587442556678055, -0.030781812899310174, 0.0587442556678055, 0.06,
        0.08457233587073175, -0.030781812899310174, 0.08457233587073175, 0.09
      ],
      [
        0.06, 0.0587442556678055, -0.02480736202352998, 0.0587442556678055, 0.06,
        0.08651355263444868, -0.02480736202352998, 0.08651355263444868, 0.09
      ],
      [
        0.06, 0.0587442556678055, -0.01871205217359839, 0.0587442556678055, 0.06,
        0.0880332840660425, -0.01871205217359839, 0.0880332840660425, 0.09
      ],
      [
        0.06, 0.0587442556678055, -0.01252557908640593, 0.0587442556678055, 0.06,
        0.08912412618674131, -0.01252557908640593, 0.08912412618674131, 0.09
      ],
      [
        0.06, 0.0587442556678055, -0.006278082636971228, 0.0587442556678055, 0.06,
        0.08978076452338418, -0.006278082636971228, 0.08978076452338418, 0.09
      ],
      [
        0.06, 0.0587442556678055, -2.2043642384652358e-17, 0.0587442556678055, 0.06, 0.09,
        -2.2043642384652358e-17, 0.09, 0.09
      ]
    ],
    [
      [0.06, 0.06075861521143879, 0, 0.06075861521143879, 0.06, 0.09, 0, 0.09, 0.08999086240528643],
      [
        0.06, 0.06075861521143879, 0.006278082636971277, 0.06075861521143879, 0.06,
        0.08978076452338417, 0.006278082636971277, 0.08978076452338417, 0.08999086240528643
      ],
      [
        0.06, 0.06075861521143879, 0.01252557908640589, 0.06075861521143879, 0.06,
        0.08912412618674133, 0.01252557908640589, 0.08912412618674133, 0.08999086240528643
      ],
      [
        0.06, 0.06075861521143879, 0.018712052173598337, 0.06075861521143879, 0.06,
        0.08803328406604251, 0.018712052173598337, 0.08803328406604251, 0.08999086240528643
      ],
      [
        0.06, 0.06075861521143879, 0.024807362023529924, 0.06075861521143879, 0.06,
        0.0865135526344487, 0.024807362023529924, 0.0865135526344487, 0.08999086240528643
      ],
      [
        0.06, 0.06075861521143879, 0.030781812899310184, 0.06075861521143879, 0.06,
        0.08457233587073175, 0.030781812899310184, 0.08457233587073175, 0.08999086240528643
      ],
      [
        0.06, 0.06075861521143879, 0.036606297876822014, 0.06075861521143879, 0.06,
        0.08221909118783408, 0.036606297876822014, 0.08221909118783408, 0.08999086240528643
      ],
      [
        0.06, 0.06075861521143879, 0.04225244065073017, 0.06075861521143879, 0.06,
        0.07946528335730342, 0.04225244065073017, 0.07946528335730342, 0.08999086240528643
      ],
      [
        0.06, 0.06075861521143879, 0.04769273378098844, 0.06075861521143879, 0.06,
        0.07632432865407833, 0.04769273378098844, 0.07632432865407833, 0.08999086240528643
      ],
      [
        0.06, 0.06075861521143879, 0.05290067270632258, 0.06075861521143879, 0.06,
        0.07281152949374527, 0.05290067270632258, 0.07281152949374527, 0.08999086240528643
      ],
      [
        0.06, 0.06075861521143879, 0.05785088487178853, 0.06075861521143879, 0.06,
        0.06894399988070801, 0.05785088487178853, 0.06894399988070801, 0.08999086240528643
      ],
      [
        0.06, 0.06075861521143879, 0.06251925334130976, 0.06075861521143879, 0.06,
        0.06474058203047861, 0.06251925334130976, 0.06474058203047861, 0.08999086240528643
      ],
      [
        0.06, 0.06075861521143879, 0.06688303429296548, 0.06075861521143879, 0.06,
        0.06022175457229724, 0.06688303429296548, 0.06022175457229724, 0.08999086240528643
      ],
      [
        0.06, 0.06075861521143879, 0.07092096782460498, 0.06075861521143879, 0.06,
        0.05540953277930925, 0.07092096782460498, 0.05540953277930925, 0.08999086240528643
      ],
      [
        0.06, 0.06075861521143879, 0.07461338152995375, 0.06075861521143879, 0.06,
        0.05032736131236721, 0.07461338152995375, 0.05032736131236721, 0.08999086240528643
      ],
      [
        0.06, 0.06075861521143879, 0.07794228634059946, 0.06075861521143879, 0.06,
        0.045000000000000005, 0.07794228634059946, 0.045000000000000005, 0.08999086240528643
      ],
      [
        0.06, 0.06075861521143879, 0.08089146416692503, 0.06075861521143879, 0.06,
        0.03945340321101697, 0.08089146416692503, 0.03945340321101697, 0.08999086240528643
      ],
      [
        0.06, 0.06075861521143879, 0.08344654691101086, 0.06075861521143879, 0.06,
        0.033714593407432075, 0.08344654691101086, 0.033714593407432075, 0.08999086240528643
      ],
      [
        0.06, 0.06075861521143879, 0.08559508646656382, 0.06075861521143879, 0.06,
        0.02781152949374527, 0.08559508646656382, 0.02781152949374527, 0.08999086240528643
      ],
      [
        0.06, 0.06075861521143879, 0.08732661536483968, 0.06075861521143879, 0.06,
        0.02177297060397011, 0.08732661536483968, 0.02177297060397011, 0.08999086240528643
      ],
      [
        0.06, 0.06075861521143879, 0.08863269777109872, 0.06075861521143879, 0.06,
        0.015628335990023737, 0.08863269777109872, 0.015628335990023737, 0.08999086240528643
      ],
      [
        0.06, 0.06075861521143879, 0.0895069705831446, 0.06075861521143879, 0.06,
        0.00940756169408881, 0.0895069705831446, 0.00940756169408881, 0.08999086240528643
      ],
      [
        0.06, 0.06075861521143879, 0.08994517443171862, 0.06075861521143879, 0.06,
        0.003140954703225097, 0.08994517443171862, 0.003140954703225097, 0.08999086240528643
      ],
      [
        0.06, 0.06075861521143879, 0.08994517443171862, 0.06075861521143879, 0.06,
        -0.003140954703225066, 0.08994517443171862, -0.003140954703225066, 0.08999086240528643
      ],
      [
        0.06, 0.06075861521143879, 0.08950697058314461, 0.06075861521143879, 0.06,
        -0.0094075616940888, 0.08950697058314461, -0.0094075616940888, 0.08999086240528643
      ],
      [
        0.06, 0.06075861521143879, 0.08863269777109872, 0.06075861521143879, 0.06,
        -0.015628335990023726, 0.08863269777109872, -0.015628335990023726, 0.08999086240528643
      ],
      [
        0.06, 0.06075861521143879, 0.08732661536483968, 0.06075861521143879, 0.06,
        -0.0217729706039701, 0.08732661536483968, -0.0217729706039701, 0.08999086240528643
      ],
      [
        0.06, 0.06075861521143879, 0.08559508646656383, 0.06075861521143879, 0.06,
        -0.027811529493745258, 0.08559508646656383, -0.027811529493745258, 0.08999086240528643
      ],
      [
        0.06, 0.06075861521143879, 0.08344654691101086, 0.06075861521143879, 0.06,
        -0.03371459340743208, 0.08344654691101086, -0.03371459340743208, 0.08999086240528643
      ],
      [
        0.06, 0.06075861521143879, 0.08089146416692503, 0.06075861521143879, 0.06,
        -0.03945340321101697, 0.08089146416692503, -0.03945340321101697, 0.08999086240528643
      ],
      [
        0.06, 0.06075861521143879, 0.07794228634059948, 0.06075861521143879, 0.06,
        -0.04499999999999998, 0.07794228634059948, -0.04499999999999998, 0.08999086240528643
      ],
      [
        0.06, 0.06075861521143879, 0.07461338152995375, 0.06075861521143879, 0.06,
        -0.0503273613123672, 0.07461338152995375, -0.0503273613123672, 0.08999086240528643
      ],
      [
        0.06, 0.06075861521143879, 0.07092096782460498, 0.06075861521143879, 0.06,
        -0.05540953277930925, 0.07092096782460498, -0.05540953277930925, 0.08999086240528643
      ],
      [
        0.06, 0.06075861521143879, 0.06688303429296548, 0.06075861521143879, 0.06,
        -0.06022175457229724, 0.06688303429296548, -0.06022175457229724, 0.08999086240528643
      ],
      [
        0.06, 0.06075861521143879, 0.06251925334130974, 0.06075861521143879, 0.06,
        -0.06474058203047861, 0.06251925334130974, -0.06474058203047861, 0.08999086240528643
      ],
      [
        0.06, 0.06075861521143879, 0.05785088487178855, 0.06075861521143879, 0.06,
        -0.06894399988070801, 0.05785088487178855, -0.06894399988070801, 0.08999086240528643
      ],
      [
        0.06, 0.06075861521143879, 0.05290067270632259, 0.06075861521143879, 0.06,
        -0.07281152949374525, 0.05290067270632259, -0.07281152949374525, 0.08999086240528643
      ],
      [
        0.06, 0.06075861521143879, 0.04769273378098844, 0.06075861521143879, 0.06,
        -0.07632432865407833, 0.04769273378098844, -0.07632432865407833, 0.08999086240528643
      ],
      [
        0.06, 0.06075861521143879, 0.042252440650730194, 0.06075861521143879, 0.06,
        -0.0794652833573034, 0.042252440650730194, -0.0794652833573034, 0.08999086240528643
      ],
      [
        0.06, 0.06075861521143879, 0.036606297876822035, 0.06075861521143879, 0.06,
        -0.08221909118783406, 0.036606297876822035, -0.08221909118783406, 0.08999086240528643
      ],
      [
        0.06, 0.06075861521143879, 0.030781812899310198, 0.06075861521143879, 0.06,
        -0.08457233587073175, 0.030781812899310198, -0.08457233587073175, 0.08999086240528643
      ],
      [
        0.06, 0.06075861521143879, 0.02480736202352997, 0.06075861521143879, 0.06,
        -0.08651355263444868, 0.02480736202352997, -0.08651355263444868, 0.08999086240528643
      ],
      [
        0.06, 0.06075861521143879, 0.018712052173598337, 0.06075861521143879, 0.06,
        -0.08803328406604251, 0.018712052173598337, -0.08803328406604251, 0.08999086240528643
      ],
      [
        0.06, 0.06075861521143879, 0.012525579086405916, 0.06075861521143879, 0.06,
        -0.08912412618674131, 0.012525579086405916, -0.08912412618674131, 0.08999086240528643
      ],
      [
        0.06, 0.06075861521143879, 0.006278082636971297, 0.06075861521143879, 0.06,
        -0.08978076452338417, 0.006278082636971297, -0.08978076452338417, 0.08999086240528643
      ],
      [
        0.06, 0.06075861521143879, 1.1021821192326179e-17, 0.06075861521143879, 0.06, -0.09,
        1.1021821192326179e-17, -0.09, 0.08999086240528643
      ],
      [
        0.06, 0.06075861521143879, -0.006278082636971234, 0.06075861521143879, 0.06,
        -0.08978076452338418, -0.006278082636971234, -0.08978076452338418, 0.08999086240528643
      ],
      [
        0.06, 0.06075861521143879, -0.012525579086405897, 0.06075861521143879, 0.06,
        -0.08912412618674131, -0.012525579086405897, -0.08912412618674131, 0.08999086240528643
      ],
      [
        0.06, 0.06075861521143879, -0.018712052173598316, 0.06075861521143879, 0.06,
        -0.08803328406604251, -0.018712052173598316, -0.08803328406604251, 0.08999086240528643
      ],
      [
        0.06, 0.06075861521143879, -0.02480736202352991, 0.06075861521143879, 0.06,
        -0.0865135526344487, -0.02480736202352991, -0.0865135526344487, 0.08999086240528643
      ],
      [
        0.06, 0.06075861521143879, -0.030781812899310177, 0.06075861521143879, 0.06,
        -0.08457233587073175, -0.030781812899310177, -0.08457233587073175, 0.08999086240528643
      ],
      [
        0.06, 0.06075861521143879, -0.03660629787682198, 0.06075861521143879, 0.06,
        -0.08221909118783409, -0.03660629787682198, -0.08221909118783409, 0.08999086240528643
      ],
      [
        0.06, 0.06075861521143879, -0.04225244065073017, 0.06075861521143879, 0.06,
        -0.07946528335730342, -0.04225244065073017, -0.07946528335730342, 0.08999086240528643
      ],
      [
        0.06, 0.06075861521143879, -0.04769273378098843, 0.06075861521143879, 0.06,
        -0.07632432865407834, -0.04769273378098843, -0.07632432865407834, 0.08999086240528643
      ],
      [
        0.06, 0.06075861521143879, -0.05290067270632257, 0.06075861521143879, 0.06,
        -0.07281152949374527, -0.05290067270632257, -0.07281152949374527, 0.08999086240528643
      ],
      [
        0.06, 0.06075861521143879, -0.05785088487178853, 0.06075861521143879, 0.06,
        -0.06894399988070803, -0.05785088487178853, -0.06894399988070803, 0.08999086240528643
      ],
      [
        0.06, 0.06075861521143879, -0.06251925334130976, 0.06075861521143879, 0.06,
        -0.0647405820304786, -0.06251925334130976, -0.0647405820304786, 0.08999086240528643
      ],
      [
        0.06, 0.06075861521143879, -0.06688303429296547, 0.06075861521143879, 0.06,
        -0.06022175457229726, -0.06688303429296547, -0.06022175457229726, 0.08999086240528643
      ],
      [
        0.06, 0.06075861521143879, -0.07092096782460498, 0.06075861521143879, 0.06,
        -0.055409532779309226, -0.07092096782460498, -0.055409532779309226, 0.08999086240528643
      ],
      [
        0.06, 0.06075861521143879, -0.07461338152995373, 0.06075861521143879, 0.06,
        -0.05032736131236725, -0.07461338152995373, -0.05032736131236725, 0.08999086240528643
      ],
      [
        0.06, 0.06075861521143879, -0.07794228634059946, 0.06075861521143879, 0.06,
        -0.04500000000000004, -0.07794228634059946, -0.04500000000000004, 0.08999086240528643
      ],
      [
        0.06, 0.06075861521143879, -0.08089146416692501, 0.06075861521143879, 0.06,
        -0.039453403211016994, -0.08089146416692501, -0.039453403211016994, 0.08999086240528643
      ],
      [
        0.06, 0.06075861521143879, -0.08344654691101086, 0.06075861521143879, 0.06,
        -0.0337145934074321, -0.08344654691101086, -0.0337145934074321, 0.08999086240528643
      ],
      [
        0.06, 0.06075861521143879, -0.08559508646656382, 0.06075861521143879, 0.06,
        -0.02781152949374528, -0.08559508646656382, -0.02781152949374528, 0.08999086240528643
      ],
      [
        0.06, 0.06075861521143879, -0.08732661536483968, 0.06075861521143879, 0.06,
        -0.0217729706039701, -0.08732661536483968, -0.0217729706039701, 0.08999086240528643
      ],
      [
        0.06, 0.06075861521143879, -0.08863269777109872, 0.06075861521143879, 0.06,
        -0.01562833599002373, -0.08863269777109872, -0.01562833599002373, 0.08999086240528643
      ],
      [
        0.06, 0.06075861521143879, -0.08950697058314461, 0.06075861521143879, 0.06,
        -0.009407561694088802, -0.08950697058314461, -0.009407561694088802, 0.08999086240528643
      ],
      [
        0.06, 0.06075861521143879, -0.08994517443171861, 0.06075861521143879, 0.06,
        -0.0031409547032251483, -0.08994517443171861, -0.0031409547032251483, 0.08999086240528643
      ],
      [
        0.06, 0.06075861521143879, -0.08994517443171862, 0.06075861521143879, 0.06,
        0.0031409547032251153, -0.08994517443171862, 0.0031409547032251153, 0.08999086240528643
      ],
      [
        0.06, 0.06075861521143879, -0.08950697058314461, 0.06075861521143879, 0.06,
        0.00940756169408877, -0.08950697058314461, 0.00940756169408877, 0.08999086240528643
      ],
      [
        0.06, 0.06075861521143879, -0.08863269777109872, 0.06075861521143879, 0.06,
        0.015628335990023695, -0.08863269777109872, 0.015628335990023695, 0.08999086240528643
      ],
      [
        0.06, 0.06075861521143879, -0.08732661536483968, 0.06075861521143879, 0.06,
        0.02177297060397007, -0.08732661536483968, 0.02177297060397007, 0.08999086240528643
      ],
      [
        0.06, 0.06075861521143879, -0.08559508646656383, 0.06075861521143879, 0.06,
        0.02781152949374525, -0.08559508646656383, 0.02781152949374525, 0.08999086240528643
      ],
      [
        0.06, 0.06075861521143879, -0.08344654691101086, 0.06075861521143879, 0.06,
        0.033714593407432075, -0.08344654691101086, 0.033714593407432075, 0.08999086240528643
      ],
      [
        0.06, 0.06075861521143879, -0.08089146416692503, 0.06075861521143879, 0.06,
        0.039453403211016966, -0.08089146416692503, 0.039453403211016966, 0.08999086240528643
      ],
      [
        0.06, 0.06075861521143879, -0.07794228634059946, 0.06075861521143879, 0.06,
        0.045000000000000005, -0.07794228634059946, 0.045000000000000005, 0.08999086240528643
      ],
      [
        0.06, 0.06075861521143879, -0.07461338152995378, 0.06075861521143879, 0.06,
        0.05032736131236716, -0.07461338152995378, 0.05032736131236716, 0.08999086240528643
      ],
      [
        0.06, 0.06075861521143879, -0.07092096782460496, 0.06075861521143879, 0.06,
        0.05540953277930927, -0.07092096782460496, 0.05540953277930927, 0.08999086240528643
      ],
      [
        0.06, 0.06075861521143879, -0.06688303429296551, 0.06075861521143879, 0.06,
        0.0602217545722972, -0.06688303429296551, 0.0602217545722972, 0.08999086240528643
      ],
      [
        0.06, 0.06075861521143879, -0.06251925334130978, 0.06075861521143879, 0.06,
        0.06474058203047857, -0.06251925334130978, 0.06474058203047857, 0.08999086240528643
      ],
      [
        0.06, 0.06075861521143879, -0.05785088487178856, 0.06075861521143879, 0.06,
        0.068943999880708, -0.05785088487178856, 0.068943999880708, 0.08999086240528643
      ],
      [
        0.06, 0.06075861521143879, -0.0529006727063226, 0.06075861521143879, 0.06,
        0.07281152949374525, -0.0529006727063226, 0.07281152949374525, 0.08999086240528643
      ],
      [
        0.06, 0.06075861521143879, -0.04769273378098852, 0.06075861521143879, 0.06,
        0.07632432865407829, -0.04769273378098852, 0.07632432865407829, 0.08999086240528643
      ],
      [
        0.06, 0.06075861521143879, -0.04225244065073017, 0.06075861521143879, 0.06,
        0.07946528335730342, -0.04225244065073017, 0.07946528335730342, 0.08999086240528643
      ],
      [
        0.06, 0.06075861521143879, -0.036606297876822014, 0.06075861521143879, 0.06,
        0.08221909118783409, -0.036606297876822014, 0.08221909118783409, 0.08999086240528643
      ],
      [
        0.06, 0.06075861521143879, -0.030781812899310174, 0.06075861521143879, 0.06,
        0.08457233587073175, -0.030781812899310174, 0.08457233587073175, 0.08999086240528643
      ],
      [
        0.06, 0.06075861521143879, -0.02480736202352998, 0.06075861521143879, 0.06,
        0.08651355263444868, -0.02480736202352998, 0.08651355263444868, 0.08999086240528643
      ],
      [
        0.06, 0.06075861521143879, -0.01871205217359839, 0.06075861521143879, 0.06,
        0.0880332840660425, -0.01871205217359839, 0.0880332840660425, 0.08999086240528643
      ],
      [
        0.06, 0.06075861521143879, -0.01252557908640593, 0.06075861521143879, 0.06,
        0.08912412618674131, -0.01252557908640593, 0.08912412618674131, 0.08999086240528643
      ],
      [
        0.06, 0.06075861521143879, -0.006278082636971228, 0.06075861521143879, 0.06,
        0.08978076452338418, -0.006278082636971228, 0.08978076452338418, 0.08999086240528643
      ],
      [
        0.06, 0.06075861521143879, -2.2043642384652358e-17, 0.06075861521143879, 0.06, 0.09,
        -2.2043642384652358e-17, 0.09, 0.08999086240528643
      ]
    ],
    [
      [0.06, 0.06269894974158415, 0, 0.06269894974158415, 0.06, 0.09, 0, 0.09, 0.08996346075389737],
      [
        0.06, 0.06269894974158415, 0.006278082636971277, 0.06269894974158415, 0.06,
        0.08978076452338417, 0.006278082636971277, 0.08978076452338417, 0.08996346075389737
      ],
      [
        0.06, 0.06269894974158415, 0.01252557908640589, 0.06269894974158415, 0.06,
        0.08912412618674133, 0.01252557908640589, 0.08912412618674133, 0.08996346075389737
      ],
      [
        0.06, 0.06269894974158415, 0.018712052173598337, 0.06269894974158415, 0.06,
        0.08803328406604251, 0.018712052173598337, 0.08803328406604251, 0.08996346075389737
      ],
      [
        0.06, 0.06269894974158415, 0.024807362023529924, 0.06269894974158415, 0.06,
        0.0865135526344487, 0.024807362023529924, 0.0865135526344487, 0.08996346075389737
      ],
      [
        0.06, 0.06269894974158415, 0.030781812899310184, 0.06269894974158415, 0.06,
        0.08457233587073175, 0.030781812899310184, 0.08457233587073175, 0.08996346075389737
      ],
      [
        0.06, 0.06269894974158415, 0.036606297876822014, 0.06269894974158415, 0.06,
        0.08221909118783408, 0.036606297876822014, 0.08221909118783408, 0.08996346075389737
      ],
      [
        0.06, 0.06269894974158415, 0.04225244065073017, 0.06269894974158415, 0.06,
        0.07946528335730342, 0.04225244065073017, 0.07946528335730342, 0.08996346075389737
      ],
      [
        0.06, 0.06269894974158415, 0.04769273378098844, 0.06269894974158415, 0.06,
        0.07632432865407833, 0.04769273378098844, 0.07632432865407833, 0.08996346075389737
      ],
      [
        0.06, 0.06269894974158415, 0.05290067270632258, 0.06269894974158415, 0.06,
        0.07281152949374527, 0.05290067270632258, 0.07281152949374527, 0.08996346075389737
      ],
      [
        0.06, 0.06269894974158415, 0.05785088487178853, 0.06269894974158415, 0.06,
        0.06894399988070801, 0.05785088487178853, 0.06894399988070801, 0.08996346075389737
      ],
      [
        0.06, 0.06269894974158415, 0.06251925334130976, 0.06269894974158415, 0.06,
        0.06474058203047861, 0.06251925334130976, 0.06474058203047861, 0.08996346075389737
      ],
      [
        0.06, 0.06269894974158415, 0.06688303429296548, 0.06269894974158415, 0.06,
        0.06022175457229724, 0.06688303429296548, 0.06022175457229724, 0.08996346075389737
      ],
      [
        0.06, 0.06269894974158415, 0.07092096782460498, 0.06269894974158415, 0.06,
        0.05540953277930925, 0.07092096782460498, 0.05540953277930925, 0.08996346075389737
      ],
      [
        0.06, 0.06269894974158415, 0.07461338152995375, 0.06269894974158415, 0.06,
