{
  "productionMode": "qqbar",
  "basis": "off-diagonal",
  "energy": "7TeV",
  "thetaSteps": 91,
  "phiSteps": 91,
  "thetaRange": [
    0, 0.03490658503988659, 0.06981317007977318, 0.10471975511965977, 0.13962634015954636,
    0.17453292519943295, 0.20943951023931953, 0.24434609527920614, 0.2792526803190927,
    0.3141592653589793, 0.3490658503988659, 0.3839724354387525, 0.41887902047863906,
    0.4537856055185257, 0.4886921905584123, 0.5235987755982988, 0.5585053606381855,
    0.5934119456780721, 0.6283185307179586, 0.6632251157578452, 0.6981317007977318,
    0.7330382858376184, 0.767944870877505, 0.8028514559173915, 0.8377580409572781,
    0.8726646259971648, 0.9075712110370514, 0.9424777960769379, 0.9773843811168246,
    1.0122909661567112, 1.0471975511965976, 1.0821041362364843, 1.117010721276371,
    1.1519173063162575, 1.1868238913561442, 1.2217304763960306, 1.2566370614359172,
    1.2915436464758039, 1.3264502315156903, 1.361356816555577, 1.3962634015954636, 1.43116998663535,
    1.4660765716752369, 1.5009831567151233, 1.53588974175501, 1.5707963267948966, 1.605702911834783,
    1.6406094968746698, 1.6755160819145563, 1.710422666954443, 1.7453292519943295,
    1.780235837034216, 1.8151424220741028, 1.8500490071139892, 1.8849555921538759,
    1.9198621771937625, 1.9547687622336491, 1.9896753472735356, 2.0245819323134224,
    2.0594885173533086, 2.0943951023931953, 2.129301687433082, 2.1642082724729685,
    2.199114857512855, 2.234021442552742, 2.2689280275926285, 2.303834612632515, 2.3387411976724013,
    2.3736477827122884, 2.4085543677521746, 2.443460952792061, 2.478367537831948,
    2.5132741228718345, 2.548180707911721, 2.5830872929516078, 2.6179938779914944,
    2.6529004630313806, 2.6878070480712677, 2.722713633111154, 2.7576202181510405,
    2.792526803190927, 2.827433388230814, 2.8623399732707, 2.897246558310587, 2.9321531433504737,
    2.9670597283903604, 3.0019663134302466, 3.036872898470133, 3.07177948351002, 3.106686068549907,
    3.141592653589793
  ],
  "phiRange": [
    0, 0.06981317007977318, 0.13962634015954636, 0.20943951023931953, 0.2792526803190927,
    0.3490658503988659, 0.41887902047863906, 0.4886921905584123, 0.5585053606381855,
    0.6283185307179586, 0.6981317007977318, 0.767944870877505, 0.8377580409572781,
    0.9075712110370514, 0.9773843811168246, 1.0471975511965976, 1.117010721276371,
    1.1868238913561442, 1.2566370614359172, 1.3264502315156903, 1.3962634015954636,
    1.4660765716752369, 1.53588974175501, 1.605702911834783, 1.6755160819145563, 1.7453292519943295,
    1.8151424220741028, 1.8849555921538759, 1.9547687622336491, 2.0245819323134224,
    2.0943951023931953, 2.1642082724729685, 2.234021442552742, 2.303834612632515,
    2.3736477827122884, 2.443460952792061, 2.5132741228718345, 2.5830872929516078,
    2.6529004630313806, 2.722713633111154, 2.792526803190927, 2.8623399732707, 2.9321531433504737,
    3.0019663134302466, 3.07177948351002, 3.141592653589793, 3.211405823669566, 3.2812189937493397,
    3.3510321638291125, 3.420845333908886, 3.490658503988659, 3.560471674068432, 3.6302848441482056,
    3.7000980142279785, 3.7699111843077517, 3.839724354387525, 3.9095375244672983,
    3.979350694547071, 4.049163864626845, 4.118977034706617, 4.1887902047863905, 4.258603374866164,
    4.328416544945937, 4.39822971502571, 4.468042885105484, 4.537856055185257, 4.60766922526503,
    4.677482395344803, 4.747295565424577, 4.817108735504349, 4.886921905584122, 4.956735075663896,
    5.026548245743669, 5.096361415823442, 5.1661745859032155, 5.235987755982989, 5.305800926062761,
    5.375614096142535, 5.445427266222308, 5.515240436302081, 5.585053606381854, 5.654866776461628,
    5.7246799465414, 5.794493116621174, 5.8643062867009474, 5.934119456780721, 6.003932626860493,
    6.073745796940266, 6.14355896702004, 6.213372137099814, 6.283185307179586
  ],
  "grids": [
    [
      [0.1, 0.08566870618221634, 0, 0.08566870618221634, 0.1, 0.15, 0, 0.15, 0.15],
      [
        0.1, 0.08566870618221634, 0.010463471061618795, 0.08566870618221634, 0.1,
        0.14963460753897362, 0.010463471061618795, 0.14963460753897362, 0.15
      ],
      [
        0.1, 0.08566870618221634, 0.020875965144009814, 0.08566870618221634, 0.1,
        0.14854021031123554, 0.020875965144009814, 0.14854021031123554, 0.15
      ],
      [
        0.1, 0.08566870618221634, 0.031186753622663897, 0.08566870618221634, 0.1,
        0.14672214011007084, 0.031186753622663897, 0.14672214011007084, 0.15
      ],
      [
        0.1, 0.08566870618221634, 0.041345603372549874, 0.08566870618221634, 0.1,
        0.14418925439074784, 0.041345603372549874, 0.14418925439074784, 0.15
      ],
      [
        0.1, 0.08566870618221634, 0.051303021498850306, 0.08566870618221634, 0.1,
        0.14095389311788625, 0.051303021498850306, 0.14095389311788625, 0.15
      ],
      [
        0.1, 0.08566870618221634, 0.06101049646137002, 0.08566870618221634, 0.1,
        0.13703181864639014, 0.06101049646137002, 0.13703181864639014, 0.15
      ],
      [
        0.1, 0.08566870618221634, 0.07042073441788362, 0.08566870618221634, 0.1,
        0.13244213892883905, 0.07042073441788362, 0.13244213892883905, 0.15
      ],
      [
        0.1, 0.08566870618221634, 0.07948788963498073, 0.08566870618221634, 0.1, 0.1272072144234639,
        0.07948788963498073, 0.1272072144234639, 0.15
      ],
      [
        0.1, 0.08566870618221634, 0.08816778784387097, 0.08566870618221634, 0.1, 0.1213525491562421,
        0.08816778784387097, 0.1213525491562421, 0.15
      ],
      [
        0.1, 0.08566870618221634, 0.09641814145298089, 0.08566870618221634, 0.1, 0.1149066664678467,
        0.09641814145298089, 0.1149066664678467, 0.15
      ],
      [
        0.1, 0.08566870618221634, 0.10419875556884958, 0.08566870618221634, 0.1,
        0.10790097005079767, 0.10419875556884958, 0.10790097005079767, 0.15
      ],
      [
        0.1, 0.08566870618221634, 0.11147172382160914, 0.08566870618221634, 0.1,
        0.10036959095382873, 0.11147172382160914, 0.10036959095382873, 0.15
      ],
      [
        0.1, 0.08566870618221634, 0.11820161304100829, 0.08566870618221634, 0.1,
        0.09234922129884875, 0.11820161304100829, 0.09234922129884875, 0.15
      ],
      [
        0.1, 0.08566870618221634, 0.12435563588325625, 0.08566870618221634, 0.1,
        0.08387893552061201, 0.12435563588325625, 0.08387893552061201, 0.15
      ],
      [
        0.1, 0.08566870618221634, 0.12990381056766578, 0.08566870618221634, 0.1,
        0.07500000000000001, 0.12990381056766578, 0.07500000000000001, 0.15
      ],
      [
        0.1, 0.08566870618221634, 0.13481910694487506, 0.08566870618221634, 0.1,
        0.06575567201836162, 0.13481910694487506, 0.06575567201836162, 0.15
      ],
      [
        0.1, 0.08566870618221634, 0.13907757818501812, 0.08566870618221634, 0.1,
        0.05619098901238679, 0.13907757818501812, 0.05619098901238679, 0.15
      ],
      [
        0.1, 0.08566870618221634, 0.142658477444273, 0.08566870618221634, 0.1, 0.046352549156242116,
        0.142658477444273, 0.046352549156242116, 0.15
      ],
      [
        0.1, 0.08566870618221634, 0.14554435894139947, 0.08566870618221634, 0.1,
        0.03628828433995018, 0.14554435894139947, 0.03628828433995018, 0.15
      ],
      [
        0.1, 0.08566870618221634, 0.1477211629518312, 0.08566870618221634, 0.1, 0.02604722665003956,
        0.1477211629518312, 0.02604722665003956, 0.15
      ],
      [
        0.1, 0.08566870618221634, 0.149178284305241, 0.08566870618221634, 0.1, 0.01567926949014802,
        0.149178284305241, 0.01567926949014802, 0.15
      ],
      [
        0.1, 0.08566870618221634, 0.14990862405286437, 0.08566870618221634, 0.1,
        0.005234924505375162, 0.14990862405286437, 0.005234924505375162, 0.15
      ],
      [
        0.1, 0.08566870618221634, 0.14990862405286437, 0.08566870618221634, 0.1,
        -0.00523492450537511, 0.14990862405286437, -0.00523492450537511, 0.15
      ],
      [
        0.1, 0.08566870618221634, 0.149178284305241, 0.08566870618221634, 0.1,
        -0.015679269490147998, 0.149178284305241, -0.015679269490147998, 0.15
      ],
      [
        0.1, 0.08566870618221634, 0.1477211629518312, 0.08566870618221634, 0.1,
        -0.026047226650039546, 0.1477211629518312, -0.026047226650039546, 0.15
      ],
      [
        0.1, 0.08566870618221634, 0.14554435894139947, 0.08566870618221634, 0.1,
        -0.03628828433995017, 0.14554435894139947, -0.03628828433995017, 0.15
      ],
      [
        0.1, 0.08566870618221634, 0.14265847744427304, 0.08566870618221634, 0.1,
        -0.0463525491562421, 0.14265847744427304, -0.0463525491562421, 0.15
      ],
      [
        0.1, 0.08566870618221634, 0.13907757818501812, 0.08566870618221634, 0.1,
        -0.05619098901238681, 0.13907757818501812, -0.05619098901238681, 0.15
      ],
      [
        0.1, 0.08566870618221634, 0.13481910694487503, 0.08566870618221634, 0.1,
        -0.06575567201836162, 0.13481910694487503, -0.06575567201836162, 0.15
      ],
      [
        0.1, 0.08566870618221634, 0.1299038105676658, 0.08566870618221634, 0.1,
        -0.07499999999999997, 0.1299038105676658, -0.07499999999999997, 0.15
      ],
      [
        0.1, 0.08566870618221634, 0.12435563588325625, 0.08566870618221634, 0.1, -0.083878935520612,
        0.12435563588325625, -0.083878935520612, 0.15
      ],
      [
        0.1, 0.08566870618221634, 0.11820161304100829, 0.08566870618221634, 0.1,
        -0.09234922129884875, 0.11820161304100829, -0.09234922129884875, 0.15
      ],
      [
        0.1, 0.08566870618221634, 0.11147172382160914, 0.08566870618221634, 0.1,
        -0.10036959095382873, 0.11147172382160914, -0.10036959095382873, 0.15
      ],
      [
        0.1, 0.08566870618221634, 0.10419875556884957, 0.08566870618221634, 0.1,
        -0.1079009700507977, 0.10419875556884957, -0.1079009700507977, 0.15
      ],
      [
        0.1, 0.08566870618221634, 0.09641814145298092, 0.08566870618221634, 0.1,
        -0.11490666646784668, 0.09641814145298092, -0.11490666646784668, 0.15
      ],
      [
        0.1, 0.08566870618221634, 0.08816778784387098, 0.08566870618221634, 0.1,
        -0.12135254915624209, 0.08816778784387098, -0.12135254915624209, 0.15
      ],
      [
        0.1, 0.08566870618221634, 0.07948788963498073, 0.08566870618221634, 0.1,
        -0.1272072144234639, 0.07948788963498073, -0.1272072144234639, 0.15
      ],
      [
        0.1, 0.08566870618221634, 0.07042073441788366, 0.08566870618221634, 0.1,
        -0.13244213892883902, 0.07042073441788366, -0.13244213892883902, 0.15
      ],
      [
        0.1, 0.08566870618221634, 0.061010496461370065, 0.08566870618221634, 0.1,
        -0.1370318186463901, 0.061010496461370065, -0.1370318186463901, 0.15
      ],
      [
        0.1, 0.08566870618221634, 0.05130302149885033, 0.08566870618221634, 0.1,
        -0.14095389311788625, 0.05130302149885033, -0.14095389311788625, 0.15
      ],
      [
        0.1, 0.08566870618221634, 0.04134560337254995, 0.08566870618221634, 0.1,
        -0.14418925439074778, 0.04134560337254995, -0.14418925439074778, 0.15
      ],
      [
        0.1, 0.08566870618221634, 0.031186753622663897, 0.08566870618221634, 0.1,
        -0.14672214011007084, 0.031186753622663897, -0.14672214011007084, 0.15
      ],
      [
        0.1, 0.08566870618221634, 0.02087596514400986, 0.08566870618221634, 0.1,
        -0.14854021031123554, 0.02087596514400986, -0.14854021031123554, 0.15
      ],
      [
        0.1, 0.08566870618221634, 0.010463471061618828, 0.08566870618221634, 0.1,
        -0.14963460753897362, 0.010463471061618828, -0.14963460753897362, 0.15
      ],
      [
        0.1, 0.08566870618221634, 1.8369701987210297e-17, 0.08566870618221634, 0.1, -0.15,
        1.8369701987210297e-17, -0.15, 0.15
      ],
      [
        0.1, 0.08566870618221634, -0.010463471061618724, 0.08566870618221634, 0.1,
        -0.14963460753897365, -0.010463471061618724, -0.14963460753897365, 0.15
      ],
      [
        0.1, 0.08566870618221634, -0.020875965144009828, 0.08566870618221634, 0.1,
        -0.14854021031123554, -0.020875965144009828, -0.14854021031123554, 0.15
      ],
      [
        0.1, 0.08566870618221634, -0.03118675362266386, 0.08566870618221634, 0.1,
        -0.14672214011007084, -0.03118675362266386, -0.14672214011007084, 0.15
      ],
      [
        0.1, 0.08566870618221634, -0.04134560337254985, 0.08566870618221634, 0.1,
        -0.14418925439074784, -0.04134560337254985, -0.14418925439074784, 0.15
      ],
      [
        0.1, 0.08566870618221634, -0.0513030214988503, 0.08566870618221634, 0.1,
        -0.14095389311788625, -0.0513030214988503, -0.14095389311788625, 0.15
      ],
      [
        0.1, 0.08566870618221634, -0.06101049646136997, 0.08566870618221634, 0.1,
        -0.13703181864639016, -0.06101049646136997, -0.13703181864639016, 0.15
      ],
      [
        0.1, 0.08566870618221634, -0.07042073441788363, 0.08566870618221634, 0.1,
        -0.13244213892883902, -0.07042073441788363, -0.13244213892883902, 0.15
      ],
      [
        0.1, 0.08566870618221634, -0.07948788963498071, 0.08566870618221634, 0.1,
        -0.12720721442346392, -0.07948788963498071, -0.12720721442346392, 0.15
      ],
      [
        0.1, 0.08566870618221634, -0.08816778784387096, 0.08566870618221634, 0.1,
        -0.1213525491562421, -0.08816778784387096, -0.1213525491562421, 0.15
      ],
      [
        0.1, 0.08566870618221634, -0.09641814145298089, 0.08566870618221634, 0.1,
        -0.11490666646784671, -0.09641814145298089, -0.11490666646784671, 0.15
      ],
      [
        0.1, 0.08566870618221634, -0.1041987555688496, 0.08566870618221634, 0.1,
        -0.10790097005079766, -0.1041987555688496, -0.10790097005079766, 0.15
      ],
      [
        0.1, 0.08566870618221634, -0.1114717238216091, 0.08566870618221634, 0.1,
        -0.10036959095382876, -0.1114717238216091, -0.10036959095382876, 0.15
      ],
      [
        0.1, 0.08566870618221634, -0.11820161304100832, 0.08566870618221634, 0.1,
        -0.0923492212988487, -0.11820161304100832, -0.0923492212988487, 0.15
      ],
      [
        0.1, 0.08566870618221634, -0.12435563588325621, 0.08566870618221634, 0.1,
        -0.08387893552061208, -0.12435563588325621, -0.08387893552061208, 0.15
      ],
      [
        0.1, 0.08566870618221634, -0.12990381056766576, 0.08566870618221634, 0.1,
        -0.07500000000000007, -0.12990381056766576, -0.07500000000000007, 0.15
      ],
      [
        0.1, 0.08566870618221634, -0.134819106944875, 0.08566870618221634, 0.1,
        -0.06575567201836166, -0.134819106944875, -0.06575567201836166, 0.15
      ],
      [
        0.1, 0.08566870618221634, -0.1390775781850181, 0.08566870618221634, 0.1,
        -0.056190989012386845, -0.1390775781850181, -0.056190989012386845, 0.15
      ],
      [
        0.1, 0.08566870618221634, -0.142658477444273, 0.08566870618221634, 0.1,
        -0.04635254915624213, -0.142658477444273, -0.04635254915624213, 0.15
      ],
      [
        0.1, 0.08566870618221634, -0.14554435894139947, 0.08566870618221634, 0.1,
        -0.03628828433995017, -0.14554435894139947, -0.03628828433995017, 0.15
      ],
      [
        0.1, 0.08566870618221634, -0.1477211629518312, 0.08566870618221634, 0.1,
        -0.02604722665003955, -0.1477211629518312, -0.02604722665003955, 0.15
      ],
      [
        0.1, 0.08566870618221634, -0.149178284305241, 0.08566870618221634, 0.1,
        -0.015679269490148005, -0.149178284305241, -0.015679269490148005, 0.15
      ],
      [
        0.1, 0.08566870618221634, -0.14990862405286434, 0.08566870618221634, 0.1,
        -0.005234924505375247, -0.14990862405286434, -0.005234924505375247, 0.15
      ],
      [
        0.1, 0.08566870618221634, -0.14990862405286437, 0.08566870618221634, 0.1,
        0.005234924505375192, -0.14990862405286437, 0.005234924505375192, 0.15
      ],
      [
        0.1, 0.08566870618221634, -0.149178284305241, 0.08566870618221634, 0.1,
        0.015679269490147946, -0.149178284305241, 0.015679269490147946, 0.15
      ],
      [
        0.1, 0.08566870618221634, -0.14772116295183121, 0.08566870618221634, 0.1,
        0.026047226650039494, -0.14772116295183121, 0.026047226650039494, 0.15
      ],
      [
        0.1, 0.08566870618221634, -0.14554435894139947, 0.08566870618221634, 0.1,
        0.036288284339950114, -0.14554435894139947, 0.036288284339950114, 0.15
      ],
      [
        0.1, 0.08566870618221634, -0.14265847744427304, 0.08566870618221634, 0.1,
        0.04635254915624208, -0.14265847744427304, 0.04635254915624208, 0.15
      ],
      [
        0.1, 0.08566870618221634, -0.13907757818501812, 0.08566870618221634, 0.1,
        0.05619098901238679, -0.13907757818501812, 0.05619098901238679, 0.15
      ],
      [
        0.1, 0.08566870618221634, -0.13481910694487506, 0.08566870618221634, 0.1,
        0.0657556720183616, -0.13481910694487506, 0.0657556720183616, 0.15
      ],
      [
        0.1, 0.08566870618221634, -0.12990381056766578, 0.08566870618221634, 0.1,
        0.07500000000000001, -0.12990381056766578, 0.07500000000000001, 0.15
      ],
      [
        0.1, 0.08566870618221634, -0.12435563588325631, 0.08566870618221634, 0.1,
        0.08387893552061193, -0.12435563588325631, 0.08387893552061193, 0.15
      ],
      [
        0.1, 0.08566870618221634, -0.11820161304100826, 0.08566870618221634, 0.1,
        0.09234922129884877, -0.11820161304100826, 0.09234922129884877, 0.15
      ],
      [
        0.1, 0.08566870618221634, -0.11147172382160918, 0.08566870618221634, 0.1,
        0.10036959095382866, -0.11147172382160918, 0.10036959095382866, 0.15
      ],
      [
        0.1, 0.08566870618221634, -0.10419875556884964, 0.08566870618221634, 0.1,
        0.10790097005079763, -0.10419875556884964, 0.10790097005079763, 0.15
      ],
      [
        0.1, 0.08566870618221634, -0.09641814145298093, 0.08566870618221634, 0.1,
        0.11490666646784667, -0.09641814145298093, 0.11490666646784667, 0.15
      ],
      [
        0.1, 0.08566870618221634, -0.088167787843871, 0.08566870618221634, 0.1, 0.12135254915624209,
        -0.088167787843871, 0.12135254915624209, 0.15
      ],
      [
        0.1, 0.08566870618221634, -0.07948788963498087, 0.08566870618221634, 0.1,
        0.1272072144234638, -0.07948788963498087, 0.1272072144234638, 0.15
      ],
      [
        0.1, 0.08566870618221634, -0.07042073441788362, 0.08566870618221634, 0.1,
        0.13244213892883905, -0.07042073441788362, 0.13244213892883905, 0.15
      ],
      [
        0.1, 0.08566870618221634, -0.06101049646137002, 0.08566870618221634, 0.1,
        0.13703181864639014, -0.06101049646137002, 0.13703181864639014, 0.15
      ],
      [
        0.1, 0.08566870618221634, -0.05130302149885029, 0.08566870618221634, 0.1,
        0.14095389311788625, -0.05130302149885029, 0.14095389311788625, 0.15
      ],
      [
        0.1, 0.08566870618221634, -0.041345603372549965, 0.08566870618221634, 0.1,
        0.14418925439074778, -0.041345603372549965, 0.14418925439074778, 0.15
      ],
      [
        0.1, 0.08566870618221634, -0.03118675362266398, 0.08566870618221634, 0.1,
        0.14672214011007084, -0.03118675362266398, 0.14672214011007084, 0.15
      ],
      [
        0.1, 0.08566870618221634, -0.02087596514400988, 0.08566870618221634, 0.1,
        0.14854021031123554, -0.02087596514400988, 0.14854021031123554, 0.15
      ],
      [
        0.1, 0.08566870618221634, -0.010463471061618714, 0.08566870618221634, 0.1,
        0.14963460753897365, -0.010463471061618714, 0.14963460753897365, 0.15
      ],
      [
        0.1, 0.08566870618221634, -3.6739403974420595e-17, 0.08566870618221634, 0.1, 0.15,
        -3.6739403974420595e-17, 0.15, 0.15
      ]
    ],
    [
      [0.1, 0.0886063138500149, 0, 0.0886063138500149, 0.1, 0.15, 0, 0.15, 0.14998477067547739],
      [
        0.1, 0.0886063138500149, 0.010463471061618795, 0.0886063138500149, 0.1, 0.14963460753897362,
        0.010463471061618795, 0.14963460753897362, 0.14998477067547739
      ],
      [
        0.1, 0.0886063138500149, 0.020875965144009814, 0.0886063138500149, 0.1, 0.14854021031123554,
        0.020875965144009814, 0.14854021031123554, 0.14998477067547739
      ],
      [
        0.1, 0.0886063138500149, 0.031186753622663897, 0.0886063138500149, 0.1, 0.14672214011007084,
        0.031186753622663897, 0.14672214011007084, 0.14998477067547739
      ],
      [
        0.1, 0.0886063138500149, 0.041345603372549874, 0.0886063138500149, 0.1, 0.14418925439074784,
        0.041345603372549874, 0.14418925439074784, 0.14998477067547739
      ],
      [
        0.1, 0.0886063138500149, 0.051303021498850306, 0.0886063138500149, 0.1, 0.14095389311788625,
        0.051303021498850306, 0.14095389311788625, 0.14998477067547739
      ],
      [
        0.1, 0.0886063138500149, 0.06101049646137002, 0.0886063138500149, 0.1, 0.13703181864639014,
        0.06101049646137002, 0.13703181864639014, 0.14998477067547739
      ],
      [
        0.1, 0.0886063138500149, 0.07042073441788362, 0.0886063138500149, 0.1, 0.13244213892883905,
        0.07042073441788362, 0.13244213892883905, 0.14998477067547739
      ],
      [
        0.1, 0.0886063138500149, 0.07948788963498073, 0.0886063138500149, 0.1, 0.1272072144234639,
        0.07948788963498073, 0.1272072144234639, 0.14998477067547739
      ],
      [
        0.1, 0.0886063138500149, 0.08816778784387097, 0.0886063138500149, 0.1, 0.1213525491562421,
        0.08816778784387097, 0.1213525491562421, 0.14998477067547739
      ],
      [
        0.1, 0.0886063138500149, 0.09641814145298089, 0.0886063138500149, 0.1, 0.1149066664678467,
        0.09641814145298089, 0.1149066664678467, 0.14998477067547739
      ],
      [
        0.1, 0.0886063138500149, 0.10419875556884958, 0.0886063138500149, 0.1, 0.10790097005079767,
        0.10419875556884958, 0.10790097005079767, 0.14998477067547739
      ],
      [
        0.1, 0.0886063138500149, 0.11147172382160914, 0.0886063138500149, 0.1, 0.10036959095382873,
        0.11147172382160914, 0.10036959095382873, 0.14998477067547739
      ],
      [
        0.1, 0.0886063138500149, 0.11820161304100829, 0.0886063138500149, 0.1, 0.09234922129884875,
        0.11820161304100829, 0.09234922129884875, 0.14998477067547739
      ],
      [
        0.1, 0.0886063138500149, 0.12435563588325625, 0.0886063138500149, 0.1, 0.08387893552061201,
        0.12435563588325625, 0.08387893552061201, 0.14998477067547739
      ],
      [
        0.1, 0.0886063138500149, 0.12990381056766578, 0.0886063138500149, 0.1, 0.07500000000000001,
        0.12990381056766578, 0.07500000000000001, 0.14998477067547739
      ],
      [
        0.1, 0.0886063138500149, 0.13481910694487506, 0.0886063138500149, 0.1, 0.06575567201836162,
        0.13481910694487506, 0.06575567201836162, 0.14998477067547739
      ],
      [
        0.1, 0.0886063138500149, 0.13907757818501812, 0.0886063138500149, 0.1, 0.05619098901238679,
        0.13907757818501812, 0.05619098901238679, 0.14998477067547739
      ],
      [
        0.1, 0.0886063138500149, 0.142658477444273, 0.0886063138500149, 0.1, 0.046352549156242116,
        0.142658477444273, 0.046352549156242116, 0.14998477067547739
      ],
      [
        0.1, 0.0886063138500149, 0.14554435894139947, 0.0886063138500149, 0.1, 0.03628828433995018,
        0.14554435894139947, 0.03628828433995018, 0.14998477067547739
      ],
      [
        0.1, 0.0886063138500149, 0.1477211629518312, 0.0886063138500149, 0.1, 0.02604722665003956,
        0.1477211629518312, 0.02604722665003956, 0.14998477067547739
      ],
      [
        0.1, 0.0886063138500149, 0.149178284305241, 0.0886063138500149, 0.1, 0.01567926949014802,
        0.149178284305241, 0.01567926949014802, 0.14998477067547739
      ],
      [
        0.1, 0.0886063138500149, 0.14990862405286437, 0.0886063138500149, 0.1, 0.005234924505375162,
        0.14990862405286437, 0.005234924505375162, 0.14998477067547739
      ],
      [
        0.1, 0.0886063138500149, 0.14990862405286437, 0.0886063138500149, 0.1, -0.00523492450537511,
        0.14990862405286437, -0.00523492450537511, 0.14998477067547739
      ],
      [
        0.1, 0.0886063138500149, 0.149178284305241, 0.0886063138500149, 0.1, -0.015679269490147998,
        0.149178284305241, -0.015679269490147998, 0.14998477067547739
      ],
      [
        0.1, 0.0886063138500149, 0.1477211629518312, 0.0886063138500149, 0.1, -0.026047226650039546,
        0.1477211629518312, -0.026047226650039546, 0.14998477067547739
      ],
      [
        0.1, 0.0886063138500149, 0.14554435894139947, 0.0886063138500149, 0.1, -0.03628828433995017,
        0.14554435894139947, -0.03628828433995017, 0.14998477067547739
      ],
      [
        0.1, 0.0886063138500149, 0.14265847744427304, 0.0886063138500149, 0.1, -0.0463525491562421,
        0.14265847744427304, -0.0463525491562421, 0.14998477067547739
      ],
      [
        0.1, 0.0886063138500149, 0.13907757818501812, 0.0886063138500149, 0.1, -0.05619098901238681,
        0.13907757818501812, -0.05619098901238681, 0.14998477067547739
      ],
      [
        0.1, 0.0886063138500149, 0.13481910694487503, 0.0886063138500149, 0.1, -0.06575567201836162,
        0.13481910694487503, -0.06575567201836162, 0.14998477067547739
      ],
      [
        0.1, 0.0886063138500149, 0.1299038105676658, 0.0886063138500149, 0.1, -0.07499999999999997,
        0.1299038105676658, -0.07499999999999997, 0.14998477067547739
      ],
      [
        0.1, 0.0886063138500149, 0.12435563588325625, 0.0886063138500149, 0.1, -0.083878935520612,
        0.12435563588325625, -0.083878935520612, 0.14998477067547739
      ],
      [
        0.1, 0.0886063138500149, 0.11820161304100829, 0.0886063138500149, 0.1, -0.09234922129884875,
        0.11820161304100829, -0.09234922129884875, 0.14998477067547739
      ],
      [
        0.1, 0.0886063138500149, 0.11147172382160914, 0.0886063138500149, 0.1, -0.10036959095382873,
        0.11147172382160914, -0.10036959095382873, 0.14998477067547739
      ],
      [
        0.1, 0.0886063138500149, 0.10419875556884957, 0.0886063138500149, 0.1, -0.1079009700507977,
        0.10419875556884957, -0.1079009700507977, 0.14998477067547739
      ],
      [
        0.1, 0.0886063138500149, 0.09641814145298092, 0.0886063138500149, 0.1, -0.11490666646784668,
        0.09641814145298092, -0.11490666646784668, 0.14998477067547739
      ],
      [
        0.1, 0.0886063138500149, 0.08816778784387098, 0.0886063138500149, 0.1, -0.12135254915624209,
        0.08816778784387098, -0.12135254915624209, 0.14998477067547739
      ],
      [
        0.1, 0.0886063138500149, 0.07948788963498073, 0.0886063138500149, 0.1, -0.1272072144234639,
        0.07948788963498073, -0.1272072144234639, 0.14998477067547739
      ],
      [
        0.1, 0.0886063138500149, 0.07042073441788366, 0.0886063138500149, 0.1, -0.13244213892883902,
        0.07042073441788366, -0.13244213892883902, 0.14998477067547739
      ],
      [
        0.1, 0.0886063138500149, 0.061010496461370065, 0.0886063138500149, 0.1, -0.1370318186463901,
        0.061010496461370065, -0.1370318186463901, 0.14998477067547739
      ],
      [
        0.1, 0.0886063138500149, 0.05130302149885033, 0.0886063138500149, 0.1, -0.14095389311788625,
        0.05130302149885033, -0.14095389311788625, 0.14998477067547739
      ],
      [
        0.1, 0.0886063138500149, 0.04134560337254995, 0.0886063138500149, 0.1, -0.14418925439074778,
        0.04134560337254995, -0.14418925439074778, 0.14998477067547739
      ],
      [
        0.1, 0.0886063138500149, 0.031186753622663897, 0.0886063138500149, 0.1,
        -0.14672214011007084, 0.031186753622663897, -0.14672214011007084, 0.14998477067547739
      ],
      [
        0.1, 0.0886063138500149, 0.02087596514400986, 0.0886063138500149, 0.1, -0.14854021031123554,
        0.02087596514400986, -0.14854021031123554, 0.14998477067547739
      ],
      [
        0.1, 0.0886063138500149, 0.010463471061618828, 0.0886063138500149, 0.1,
        -0.14963460753897362, 0.010463471061618828, -0.14963460753897362, 0.14998477067547739
      ],
      [
        0.1, 0.0886063138500149, 1.8369701987210297e-17, 0.0886063138500149, 0.1, -0.15,
        1.8369701987210297e-17, -0.15, 0.14998477067547739
      ],
      [
        0.1, 0.0886063138500149, -0.010463471061618724, 0.0886063138500149, 0.1,
        -0.14963460753897365, -0.010463471061618724, -0.14963460753897365, 0.14998477067547739
      ],
      [
        0.1, 0.0886063138500149, -0.020875965144009828, 0.0886063138500149, 0.1,
        -0.14854021031123554, -0.020875965144009828, -0.14854021031123554, 0.14998477067547739
      ],
      [
        0.1, 0.0886063138500149, -0.03118675362266386, 0.0886063138500149, 0.1,
        -0.14672214011007084, -0.03118675362266386, -0.14672214011007084, 0.14998477067547739
      ],
      [
        0.1, 0.0886063138500149, -0.04134560337254985, 0.0886063138500149, 0.1,
        -0.14418925439074784, -0.04134560337254985, -0.14418925439074784, 0.14998477067547739
      ],
      [
        0.1, 0.0886063138500149, -0.0513030214988503, 0.0886063138500149, 0.1, -0.14095389311788625,
        -0.0513030214988503, -0.14095389311788625, 0.14998477067547739
      ],
      [
        0.1, 0.0886063138500149, -0.06101049646136997, 0.0886063138500149, 0.1,
        -0.13703181864639016, -0.06101049646136997, -0.13703181864639016, 0.14998477067547739
      ],
      [
        0.1, 0.0886063138500149, -0.07042073441788363, 0.0886063138500149, 0.1,
        -0.13244213892883902, -0.07042073441788363, -0.13244213892883902, 0.14998477067547739
      ],
      [
        0.1, 0.0886063138500149, -0.07948788963498071, 0.0886063138500149, 0.1,
        -0.12720721442346392, -0.07948788963498071, -0.12720721442346392, 0.14998477067547739
      ],
      [
        0.1, 0.0886063138500149, -0.08816778784387096, 0.0886063138500149, 0.1, -0.1213525491562421,
        -0.08816778784387096, -0.1213525491562421, 0.14998477067547739
      ],
      [
        0.1, 0.0886063138500149, -0.09641814145298089, 0.0886063138500149, 0.1,
        -0.11490666646784671, -0.09641814145298089, -0.11490666646784671, 0.14998477067547739
      ],
      [
        0.1, 0.0886063138500149, -0.1041987555688496, 0.0886063138500149, 0.1, -0.10790097005079766,
        -0.1041987555688496, -0.10790097005079766, 0.14998477067547739
      ],
      [
        0.1, 0.0886063138500149, -0.1114717238216091, 0.0886063138500149, 0.1, -0.10036959095382876,
        -0.1114717238216091, -0.10036959095382876, 0.14998477067547739
      ],
      [
        0.1, 0.0886063138500149, -0.11820161304100832, 0.0886063138500149, 0.1, -0.0923492212988487,
        -0.11820161304100832, -0.0923492212988487, 0.14998477067547739
      ],
      [
        0.1, 0.0886063138500149, -0.12435563588325621, 0.0886063138500149, 0.1,
        -0.08387893552061208, -0.12435563588325621, -0.08387893552061208, 0.14998477067547739
      ],
      [
        0.1, 0.0886063138500149, -0.12990381056766576, 0.0886063138500149, 0.1,
        -0.07500000000000007, -0.12990381056766576, -0.07500000000000007, 0.14998477067547739
      ],
      [
        0.1, 0.0886063138500149, -0.134819106944875, 0.0886063138500149, 0.1, -0.06575567201836166,
        -0.134819106944875, -0.06575567201836166, 0.14998477067547739
      ],
      [
        0.1, 0.0886063138500149, -0.1390775781850181, 0.0886063138500149, 0.1,
        -0.056190989012386845, -0.1390775781850181, -0.056190989012386845, 0.14998477067547739
      ],
      [
        0.1, 0.0886063138500149, -0.142658477444273, 0.0886063138500149, 0.1, -0.04635254915624213,
        -0.142658477444273, -0.04635254915624213, 0.14998477067547739
      ],
      [
        0.1, 0.0886063138500149, -0.14554435894139947, 0.0886063138500149, 0.1,
        -0.03628828433995017, -0.14554435894139947, -0.03628828433995017, 0.14998477067547739
      ],
      [
        0.1, 0.0886063138500149, -0.1477211629518312, 0.0886063138500149, 0.1, -0.02604722665003955,
        -0.1477211629518312, -0.02604722665003955, 0.14998477067547739
      ],
      [
        0.1, 0.0886063138500149, -0.149178284305241, 0.0886063138500149, 0.1, -0.015679269490148005,
        -0.149178284305241, -0.015679269490148005, 0.14998477067547739
      ],
      [
        0.1, 0.0886063138500149, -0.14990862405286434, 0.0886063138500149, 0.1,
        -0.005234924505375247, -0.14990862405286434, -0.005234924505375247, 0.14998477067547739
      ],
      [
        0.1, 0.0886063138500149, -0.14990862405286437, 0.0886063138500149, 0.1,
        0.005234924505375192, -0.14990862405286437, 0.005234924505375192, 0.14998477067547739
      ],
      [
        0.1, 0.0886063138500149, -0.149178284305241, 0.0886063138500149, 0.1, 0.015679269490147946,
        -0.149178284305241, 0.015679269490147946, 0.14998477067547739
      ],
      [
        0.1, 0.0886063138500149, -0.14772116295183121, 0.0886063138500149, 0.1,
        0.026047226650039494, -0.14772116295183121, 0.026047226650039494, 0.14998477067547739
      ],
      [
        0.1, 0.0886063138500149, -0.14554435894139947, 0.0886063138500149, 0.1,
        0.036288284339950114, -0.14554435894139947, 0.036288284339950114, 0.14998477067547739
      ],
      [
        0.1, 0.0886063138500149, -0.14265847744427304, 0.0886063138500149, 0.1, 0.04635254915624208,
        -0.14265847744427304, 0.04635254915624208, 0.14998477067547739
      ],
      [
        0.1, 0.0886063138500149, -0.13907757818501812, 0.0886063138500149, 0.1, 0.05619098901238679,
        -0.13907757818501812, 0.05619098901238679, 0.14998477067547739
      ],
      [
        0.1, 0.0886063138500149, -0.13481910694487506, 0.0886063138500149, 0.1, 0.0657556720183616,
        -0.13481910694487506, 0.0657556720183616, 0.14998477067547739
      ],
      [
        0.1, 0.0886063138500149, -0.12990381056766578, 0.0886063138500149, 0.1, 0.07500000000000001,
        -0.12990381056766578, 0.07500000000000001, 0.14998477067547739
      ],
      [
        0.1, 0.0886063138500149, -0.12435563588325631, 0.0886063138500149, 0.1, 0.08387893552061193,
        -0.12435563588325631, 0.08387893552061193, 0.14998477067547739
      ],
      [
        0.1, 0.0886063138500149, -0.11820161304100826, 0.0886063138500149, 0.1, 0.09234922129884877,
        -0.11820161304100826, 0.09234922129884877, 0.14998477067547739
      ],
      [
        0.1, 0.0886063138500149, -0.11147172382160918, 0.0886063138500149, 0.1, 0.10036959095382866,
        -0.11147172382160918, 0.10036959095382866, 0.14998477067547739
      ],
      [
        0.1, 0.0886063138500149, -0.10419875556884964, 0.0886063138500149, 0.1, 0.10790097005079763,
        -0.10419875556884964, 0.10790097005079763, 0.14998477067547739
      ],
      [
        0.1, 0.0886063138500149, -0.09641814145298093, 0.0886063138500149, 0.1, 0.11490666646784667,
        -0.09641814145298093, 0.11490666646784667, 0.14998477067547739
      ],
      [
        0.1, 0.0886063138500149, -0.088167787843871, 0.0886063138500149, 0.1, 0.12135254915624209,
        -0.088167787843871, 0.12135254915624209, 0.14998477067547739
      ],
      [
        0.1, 0.0886063138500149, -0.07948788963498087, 0.0886063138500149, 0.1, 0.1272072144234638,
        -0.07948788963498087, 0.1272072144234638, 0.14998477067547739
      ],
      [
        0.1, 0.0886063138500149, -0.07042073441788362, 0.0886063138500149, 0.1, 0.13244213892883905,
        -0.07042073441788362, 0.13244213892883905, 0.14998477067547739
      ],
      [
        0.1, 0.0886063138500149, -0.06101049646137002, 0.0886063138500149, 0.1, 0.13703181864639014,
        -0.06101049646137002, 0.13703181864639014, 0.14998477067547739
      ],
      [
        0.1, 0.0886063138500149, -0.05130302149885029, 0.0886063138500149, 0.1, 0.14095389311788625,
        -0.05130302149885029, 0.14095389311788625, 0.14998477067547739
      ],
      [
        0.1, 0.0886063138500149, -0.041345603372549965, 0.0886063138500149, 0.1,
        0.14418925439074778, -0.041345603372549965, 0.14418925439074778, 0.14998477067547739
      ],
      [
        0.1, 0.0886063138500149, -0.03118675362266398, 0.0886063138500149, 0.1, 0.14672214011007084,
        -0.03118675362266398, 0.14672214011007084, 0.14998477067547739
      ],
      [
        0.1, 0.0886063138500149, -0.02087596514400988, 0.0886063138500149, 0.1, 0.14854021031123554,
        -0.02087596514400988, 0.14854021031123554, 0.14998477067547739
      ],
      [
        0.1, 0.0886063138500149, -0.010463471061618714, 0.0886063138500149, 0.1,
        0.14963460753897365, -0.010463471061618714, 0.14963460753897365, 0.14998477067547739
      ],
      [
        0.1, 0.0886063138500149, -3.6739403974420595e-17, 0.0886063138500149, 0.1, 0.15,
        -3.6739403974420595e-17, 0.15, 0.14998477067547739
      ]
    ],
    [
      [0.1, 0.09143596837314354, 0, 0.09143596837314354, 0.1, 0.15, 0, 0.15, 0.14993910125649562],
      [
        0.1, 0.09143596837314354, 0.010463471061618795, 0.09143596837314354, 0.1,
        0.14963460753897362, 0.010463471061618795, 0.14963460753897362, 0.14993910125649562
      ],
      [
        0.1, 0.09143596837314354, 0.020875965144009814, 0.09143596837314354, 0.1,
        0.14854021031123554, 0.020875965144009814, 0.14854021031123554, 0.14993910125649562
      ],
      [
        0.1, 0.09143596837314354, 0.031186753622663897, 0.09143596837314354, 0.1,
        0.14672214011007084, 0.031186753622663897, 0.14672214011007084, 0.14993910125649562
      ],
      [
        0.1, 0.09143596837314354, 0.041345603372549874, 0.09143596837314354, 0.1,
        0.14418925439074784, 0.041345603372549874, 0.14418925439074784, 0.14993910125649562
      ],
      [
        0.1, 0.09143596837314354, 0.051303021498850306, 0.09143596837314354, 0.1,
        0.14095389311788625, 0.051303021498850306, 0.14095389311788625, 0.14993910125649562
      ],
      [
        0.1, 0.09143596837314354, 0.06101049646137002, 0.09143596837314354, 0.1,
        0.13703181864639014, 0.06101049646137002, 0.13703181864639014, 0.14993910125649562
      ],
      [
        0.1, 0.09143596837314354, 0.07042073441788362, 0.09143596837314354, 0.1,
        0.13244213892883905, 0.07042073441788362, 0.13244213892883905, 0.14993910125649562
      ],
      [
        0.1, 0.09143596837314354, 0.07948788963498073, 0.09143596837314354, 0.1, 0.1272072144234639,
        0.07948788963498073, 0.1272072144234639, 0.14993910125649562
      ],
      [
        0.1, 0.09143596837314354, 0.08816778784387097, 0.09143596837314354, 0.1, 0.1213525491562421,
        0.08816778784387097, 0.1213525491562421, 0.14993910125649562
      ],
      [
        0.1, 0.09143596837314354, 0.09641814145298089, 0.09143596837314354, 0.1, 0.1149066664678467,
        0.09641814145298089, 0.1149066664678467, 0.14993910125649562
      ],
      [
        0.1, 0.09143596837314354, 0.10419875556884958, 0.09143596837314354, 0.1,
        0.10790097005079767, 0.10419875556884958, 0.10790097005079767, 0.14993910125649562
      ],
      [
        0.1, 0.09143596837314354, 0.11147172382160914, 0.09143596837314354, 0.1,
        0.10036959095382873, 0.11147172382160914, 0.10036959095382873, 0.14993910125649562
      ],
      [
        0.1, 0.09143596837314354, 0.11820161304100829, 0.09143596837314354, 0.1,
        0.09234922129884875, 0.11820161304100829, 0.09234922129884875, 0.14993910125649562
      ],
      [
        0.1, 0.09143596837314354, 0.12435563588325625, 0.09143596837314354, 0.1,
        0.08387893552061201, 0.12435563588325625, 0.08387893552061201, 0.14993910125649562
      ],
      [
        0.1, 0.09143596837314354, 0.12990381056766578, 0.09143596837314354, 0.1,
        0.07500000000000001, 0.12990381056766578, 0.07500000000000001, 0.14993910125649562
      ],
      [
        0.1, 0.09143596837314354, 0.13481910694487506, 0.09143596837314354, 0.1,
        0.06575567201836162, 0.13481910694487506, 0.06575567201836162, 0.14993910125649562
      ],
      [
        0.1, 0.09143596837314354, 0.13907757818501812, 0.09143596837314354, 0.1,
