{
  "productionMode": "qqbar",
  "basis": "beam",
  "energy": "7TeV",
  "thetaSteps": 91,
  "phiSteps": 91,
  "thetaRange": [
    0, 0.03490658503988659, 0.06981317007977318, 0.10471975511965977, 0.13962634015954636,
    0.17453292519943295, 0.20943951023931953, 0.24434609527920614, 0.2792526803190927,
    0.3141592653589793, 0.3490658503988659, 0.3839724354387525, 0.41887902047863906,
    0.4537856055185257, 0.4886921905584123, 0.5235987755982988, 0.5585053606381855,
    0.5934119456780721, 0.6283185307179586, 0.6632251157578452, 0.6981317007977318,
    0.7330382858376184, 0.767944870877505, 0.8028514559173915, 0.8377580409572781,
    0.8726646259971648, 0.9075712110370514, 0.9424777960769379, 0.9773843811168246,
    1.0122909661567112, 1.0471975511965976, 1.0821041362364843, 1.117010721276371,
    1.1519173063162575, 1.1868238913561442, 1.2217304763960306, 1.2566370614359172,
    1.2915436464758039, 1.3264502315156903, 1.361356816555577, 1.3962634015954636, 1.43116998663535,
    1.4660765716752369, 1.5009831567151233, 1.53588974175501, 1.5707963267948966, 1.605702911834783,
    1.6406094968746698, 1.6755160819145563, 1.710422666954443, 1.7453292519943295,
    1.780235837034216, 1.8151424220741028, 1.8500490071139892, 1.8849555921538759,
    1.9198621771937625, 1.9547687622336491, 1.9896753472735356, 2.0245819323134224,
    2.0594885173533086, 2.0943951023931953, 2.129301687433082, 2.1642082724729685,
    2.199114857512855, 2.234021442552742, 2.2689280275926285, 2.303834612632515, 2.3387411976724013,
    2.3736477827122884, 2.4085543677521746, 2.443460952792061, 2.478367537831948,
    2.5132741228718345, 2.548180707911721, 2.5830872929516078, 2.6179938779914944,
    2.6529004630313806, 2.6878070480712677, 2.722713633111154, 2.7576202181510405,
    2.792526803190927, 2.827433388230814, 2.8623399732707, 2.897246558310587, 2.9321531433504737,
    2.9670597283903604, 3.0019663134302466, 3.036872898470133, 3.07177948351002, 3.106686068549907,
    3.141592653589793
  ],
  "phiRange": [
    0, 0.06981317007977318, 0.13962634015954636, 0.20943951023931953, 0.2792526803190927,
    0.3490658503988659, 0.41887902047863906, 0.4886921905584123, 0.5585053606381855,
    0.6283185307179586, 0.6981317007977318, 0.767944870877505, 0.8377580409572781,
    0.9075712110370514, 0.9773843811168246, 1.0471975511965976, 1.117010721276371,
    1.1868238913561442, 1.2566370614359172, 1.3264502315156903, 1.3962634015954636,
    1.4660765716752369, 1.53588974175501, 1.605702911834783, 1.6755160819145563, 1.7453292519943295,
    1.8151424220741028, 1.8849555921538759, 1.9547687622336491, 2.0245819323134224,
    2.0943951023931953, 2.1642082724729685, 2.234021442552742, 2.303834612632515,
    2.3736477827122884, 2.443460952792061, 2.5132741228718345, 2.5830872929516078,
    2.6529004630313806, 2.722713633111154, 2.792526803190927, 2.8623399732707, 2.9321531433504737,
    3.0019663134302466, 3.07177948351002, 3.141592653589793, 3.211405823669566, 3.2812189937493397,
    3.3510321638291125, 3.420845333908886, 3.490658503988659, 3.560471674068432, 3.6302848441482056,
    3.7000980142279785, 3.7699111843077517, 3.839724354387525, 3.9095375244672983,
    3.979350694547071, 4.049163864626845, 4.118977034706617, 4.1887902047863905, 4.258603374866164,
    4.328416544945937, 4.39822971502571, 4.468042885105484, 4.537856055185257, 4.60766922526503,
    4.677482395344803, 4.747295565424577, 4.817108735504349, 4.886921905584122, 4.956735075663896,
    5.026548245743669, 5.096361415823442, 5.1661745859032155, 5.235987755982989, 5.305800926062761,
    5.375614096142535, 5.445427266222308, 5.515240436302081, 5.585053606381854, 5.654866776461628,
    5.7246799465414, 5.794493116621174, 5.8643062867009474, 5.934119456780721, 6.003932626860493,
    6.073745796940266, 6.14355896702004, 6.213372137099814, 6.283185307179586
  ],
  "grids": [
    [
      [0.125, 0, 0, 0, -0.125, 0.075, 0, 0.075, 0.09423076923076922],
      [
        0.1237835085926963, 0.01739663762000818, 0, 0.01739663762000818, -0.1237835085926963, 0.075,
        0, 0.075, 0.09423076923076922
      ],
      [
        0.12015771199228986, 0.034454669477124895, 0, 0.034454669477124895, -0.12015771199228986,
        0.075, 0, 0.075, 0.09423076923076922
      ],
      [
        0.11419318220532511, 0.05084208038447502, 0, 0.05084208038447502, -0.11419318220532511,
        0.075, 0, 0.075, 0.09423076923076922
      ],
      [
        0.10600601201955324, 0.06623990802915061, 0, 0.06623990802915061, -0.10600601201955324,
        0.075, 0, 0.075, 0.09423076923076922
      ],
      [
        0.09575555538987225, 0.0803484512108174, 0, 0.0803484512108174, -0.09575555538987225, 0.075,
        0, 0.075, 0.09423076923076922
      ],
      [
        0.08364132579485728, 0.09289310318467428, 0, 0.09289310318467428, -0.08364132579485728,
        0.075, 0, 0.075, 0.09423076923076922
      ],
      [
        0.06989911293384335, 0.10362969656938022, 0, 0.10362969656938022, -0.06989911293384335,
        0.075, 0, 0.075, 0.09423076923076922
      ],
      [
        0.05479639334863468, 0.11234925578739588, 0, 0.11234925578739588, -0.05479639334863468,
        0.075, 0, 0.075, 0.09423076923076922
      ],
      [
        0.03862712429686843, 0.11888206453689419, 0, 0.11888206453689419, -0.03862712429686843,
        0.075, 0, 0.075, 0.09423076923076922
      ],
      [
        0.021706022208366302, 0.123100969126526, 0, 0.123100969126526, -0.021706022208366302, 0.075,
        0, 0.075, 0.09423076923076922
      ],
      [
        0.004362437087812635, 0.12492385337738697, 0, 0.12492385337738697, -0.004362437087812635,
        0.075, 0, 0.075, 0.09423076923076922
      ],
      [
        -0.013066057908456667, 0.12431523692103418, 0, 0.12431523692103418, 0.013066057908456667,
        0.075, 0, 0.075, 0.09423076923076922
      ],
      [
        -0.030240236949958473, 0.12128696578449956, 0, 0.12128696578449956, 0.030240236949958473,
        0.075, 0, 0.075, 0.09423076923076922
      ],
      [
        -0.04682582417698901, 0.11589798182084843, 0, 0.11589798182084843, 0.04682582417698901,
        0.075, 0, 0.075, 0.09423076923076922
      ],
      [
        -0.06249999999999997, 0.10825317547305484, 0, 0.10825317547305484, 0.06249999999999997,
        0.075, 0, 0.075, 0.09423076923076922
      ],
      [
        -0.07695768441570729, 0.09850134420084025, 0, 0.09850134420084025, 0.07695768441570729,
        0.075, 0, 0.075, 0.09423076923076922
      ],
      [
        -0.08991747504233141, 0.08683229630737464, 0, 0.08683229630737464, 0.08991747504233141,
        0.075, 0, 0.075, 0.09423076923076922
      ],
      [
        -0.10112712429686842, 0.07347315653655916, 0, 0.07347315653655916, 0.10112712429686842,
        0.075, 0, 0.075, 0.09423076923076922
      ],
      [
        -0.11036844910736585, 0.058683945348236385, 0, 0.058683945348236385, 0.11036844910736585,
        0.075, 0, 0.075, 0.09423076923076922
      ],
      [
        -0.11746157759823854, 0.04275251791570861, 0, 0.04275251791570861, 0.11746157759823854,
        0.075, 0, 0.075, 0.09423076923076922
      ],
      [
        -0.12226845009172571, 0.025988961352219914, 0, 0.025988961352219914, 0.12226845009172571,
        0.075, 0, 0.075, 0.09423076923076922
      ],
      [
        -0.12469550628247802, 0.00871955921801569, 0, 0.00871955921801569, 0.12469550628247802,
        0.075, 0, 0.075, 0.09423076923076922
      ],
      [
        -0.12469550628247804, -0.008719559218015604, 0, -0.008719559218015604, 0.12469550628247804,
        0.075, 0, 0.075, 0.09423076923076922
      ],
      [
        -0.12226845009172571, -0.025988961352219883, 0, -0.025988961352219883, 0.12226845009172571,
        0.075, 0, 0.075, 0.09423076923076922
      ],
      [
        -0.11746157759823855, -0.04275251791570858, 0, -0.04275251791570858, 0.11746157759823855,
        0.075, 0, 0.075, 0.09423076923076922
      ],
      [
        -0.11036844910736586, -0.05868394534823636, 0, -0.05868394534823636, 0.11036844910736586,
        0.075, 0, 0.075, 0.09423076923076922
      ],
      [
        -0.10112712429686843, -0.07347315653655913, 0, -0.07347315653655913, 0.10112712429686843,
        0.075, 0, 0.075, 0.09423076923076922
      ],
      [
        -0.08991747504233139, -0.08683229630737467, 0, -0.08683229630737467, 0.08991747504233139,
        0.075, 0, 0.075, 0.09423076923076922
      ],
      [
        -0.07695768441570726, -0.09850134420084027, 0, -0.09850134420084027, 0.07695768441570726,
        0.075, 0, 0.075, 0.09423076923076922
      ],
      [
        -0.06250000000000006, -0.10825317547305481, 0, -0.10825317547305481, 0.06250000000000006,
        0.075, 0, 0.075, 0.09423076923076922
      ],
      [
        -0.04682582417698904, -0.11589798182084841, 0, -0.11589798182084841, 0.04682582417698904,
        0.075, 0, 0.075, 0.09423076923076922
      ],
      [
        -0.030240236949958473, -0.12128696578449956, 0, -0.12128696578449956, 0.030240236949958473,
        0.075, 0, 0.075, 0.09423076923076922
      ],
      [
        -0.01306605790845667, -0.12431523692103418, 0, -0.12431523692103418, 0.01306605790845667,
        0.075, 0, 0.075, 0.09423076923076922
      ],
      [
        0.00436243708781266, -0.12492385337738697, 0, -0.12492385337738697, -0.00436243708781266,
        0.075, 0, 0.075, 0.09423076923076922
      ],
      [
        0.021706022208366246, -0.12310096912652602, 0, -0.12310096912652602, -0.021706022208366246,
        0.075, 0, 0.075, 0.09423076923076922
      ],
      [
        0.038627124296868404, -0.1188820645368942, 0, -0.1188820645368942, -0.038627124296868404,
        0.075, 0, 0.075, 0.09423076923076922
      ],
      [
        0.054796393348634675, -0.11234925578739588, 0, -0.11234925578739588, -0.054796393348634675,
        0.075, 0, 0.075, 0.09423076923076922
      ],
      [
        0.06989911293384328, -0.10362969656938026, 0, -0.10362969656938026, -0.06989911293384328,
        0.075, 0, 0.075, 0.09423076923076922
      ],
      [
        0.08364132579485722, -0.09289310318467432, 0, -0.09289310318467432, -0.08364132579485722,
        0.075, 0, 0.075, 0.09423076923076922
      ],
      [
        0.09575555538987222, -0.08034845121081745, 0, -0.08034845121081745, -0.09575555538987222,
        0.075, 0, 0.075, 0.09423076923076922
      ],
      [
        0.10600601201955318, -0.06623990802915072, 0, -0.06623990802915072, -0.10600601201955318,
        0.075, 0, 0.075, 0.09423076923076922
      ],
      [
        0.11419318220532512, -0.05084208038447502, 0, -0.05084208038447502, -0.11419318220532512,
        0.075, 0, 0.075, 0.09423076923076922
      ],
      [
        0.12015771199228983, -0.03445466947712497, 0, -0.03445466947712497, -0.12015771199228983,
        0.075, 0, 0.075, 0.09423076923076922
      ],
      [
        0.12378350859269628, -0.017396637620008235, 0, -0.017396637620008235, -0.12378350859269628,
        0.075, 0, 0.075, 0.09423076923076922
      ],
      [
        0.125, -3.061616997868383e-17, 0, -3.061616997868383e-17, -0.125, 0.075, 0, 0.075,
        0.09423076923076922
      ],
      [
        0.12378350859269631, 0.017396637620008065, 0, 0.017396637620008065, -0.12378350859269631,
        0.075, 0, 0.075, 0.09423076923076922
      ],
      [
        0.12015771199228985, 0.034454669477124916, 0, 0.034454669477124916, -0.12015771199228985,
        0.075, 0, 0.075, 0.09423076923076922
      ],
      [
        0.11419318220532514, 0.050842080384474964, 0, 0.050842080384474964, -0.11419318220532514,
        0.075, 0, 0.075, 0.09423076923076922
      ],
      [
        0.10600601201955327, 0.06623990802915058, 0, 0.06623990802915058, -0.10600601201955327,
        0.075, 0, 0.075, 0.09423076923076922
      ],
      [
        0.09575555538987227, 0.08034845121081739, 0, 0.08034845121081739, -0.09575555538987227,
        0.075, 0, 0.075, 0.09423076923076922
      ],
      [
        0.08364132579485736, 0.09289310318467421, 0, 0.09289310318467421, -0.08364132579485736,
        0.075, 0, 0.075, 0.09423076923076922
      ],
      [
        0.06989911293384334, 0.10362969656938023, 0, 0.10362969656938023, -0.06989911293384334,
        0.075, 0, 0.075, 0.09423076923076922
      ],
      [
        0.05479639334863473, 0.11234925578739585, 0, 0.11234925578739585, -0.05479639334863473,
        0.075, 0, 0.075, 0.09423076923076922
      ],
      [
        0.038627124296868466, 0.11888206453689419, 0, 0.11888206453689419, -0.038627124296868466,
        0.075, 0, 0.075, 0.09423076923076922
      ],
      [
        0.021706022208366305, 0.123100969126526, 0, 0.123100969126526, -0.021706022208366305, 0.075,
        0, 0.075, 0.09423076923076922
      ],
      [
        0.00436243708781261, 0.12492385337738697, 0, 0.12492385337738697, -0.00436243708781261,
        0.075, 0, 0.075, 0.09423076923076922
      ],
      [
        -0.01306605790845661, 0.12431523692103418, 0, 0.12431523692103418, 0.01306605790845661,
        0.075, 0, 0.075, 0.09423076923076922
      ],
      [
        -0.030240236949958522, 0.12128696578449955, 0, 0.12128696578449955, 0.030240236949958522,
        0.075, 0, 0.075, 0.09423076923076922
      ],
      [
        -0.04682582417698888, 0.11589798182084848, 0, 0.11589798182084848, 0.04682582417698888,
        0.075, 0, 0.075, 0.09423076923076922
      ],
      [
        -0.0624999999999999, 0.1082531754730549, 0, 0.1082531754730549, 0.0624999999999999, 0.075,
        0, 0.075, 0.09423076923076922
      ],
      [
        -0.07695768441570722, 0.0985013442008403, 0, 0.0985013442008403, 0.07695768441570722, 0.075,
        0, 0.075, 0.09423076923076922
      ],
      [
        -0.08991747504233134, 0.08683229630737471, 0, 0.08683229630737471, 0.08991747504233134,
        0.075, 0, 0.075, 0.09423076923076922
      ],
      [
        -0.1011271242968684, 0.07347315653655917, 0, 0.07347315653655917, 0.1011271242968684, 0.075,
        0, 0.075, 0.09423076923076922
      ],
      [
        -0.11036844910736586, 0.058683945348236365, 0, 0.058683945348236365, 0.11036844910736586,
        0.075, 0, 0.075, 0.09423076923076922
      ],
      [
        -0.11746157759823855, 0.04275251791570859, 0, 0.04275251791570859, 0.11746157759823855,
        0.075, 0, 0.075, 0.09423076923076922
      ],
      [
        -0.12226845009172571, 0.02598896135221989, 0, 0.02598896135221989, 0.12226845009172571,
        0.075, 0, 0.075, 0.09423076923076922
      ],
      [
        -0.12469550628247802, 0.008719559218015831, 0, 0.008719559218015831, 0.12469550628247802,
        0.075, 0, 0.075, 0.09423076923076922
      ],
      [
        -0.12469550628247802, -0.00871955921801574, 0, -0.00871955921801574, 0.12469550628247802,
        0.075, 0, 0.075, 0.09423076923076922
      ],
      [
        -0.12226845009172572, -0.0259889613522198, 0, -0.0259889613522198, 0.12226845009172572,
        0.075, 0, 0.075, 0.09423076923076922
      ],
      [
        -0.11746157759823858, -0.0427525179157085, 0, -0.0427525179157085, 0.11746157759823858,
        0.075, 0, 0.075, 0.09423076923076922
      ],
      [
        -0.1103684491073659, -0.05868394534823628, 0, -0.05868394534823628, 0.1103684491073659,
        0.075, 0, 0.075, 0.09423076923076922
      ],
      [
        -0.10112712429686846, -0.0734731565365591, 0, -0.0734731565365591, 0.10112712429686846,
        0.075, 0, 0.075, 0.09423076923076922
      ],
      [
        -0.08991747504233141, -0.08683229630737464, 0, -0.08683229630737464, 0.08991747504233141,
        0.075, 0, 0.075, 0.09423076923076922
      ],
      [
        -0.07695768441570729, -0.09850134420084025, 0, -0.09850134420084025, 0.07695768441570729,
        0.075, 0, 0.075, 0.09423076923076922
      ],
      [
        -0.06249999999999998, -0.10825317547305484, 0, -0.10825317547305484, 0.06249999999999998,
        0.075, 0, 0.075, 0.09423076923076922
      ],
      [
        -0.04682582417698917, -0.11589798182084836, 0, -0.11589798182084836, 0.04682582417698917,
        0.075, 0, 0.075, 0.09423076923076922
      ],
      [
        -0.030240236949958397, -0.12128696578449957, 0, -0.12128696578449957, 0.030240236949958397,
        0.075, 0, 0.075, 0.09423076923076922
      ],
      [
        -0.01306605790845681, -0.12431523692103415, 0, -0.12431523692103415, 0.01306605790845681,
        0.075, 0, 0.075, 0.09423076923076922
      ],
      [
        0.004362437087812519, -0.12492385337738697, 0, -0.12492385337738697, -0.004362437087812519,
        0.075, 0, 0.075, 0.09423076923076922
      ],
      [
        0.021706022208366215, -0.12310096912652602, 0, -0.12310096912652602, -0.021706022208366215,
        0.075, 0, 0.075, 0.09423076923076922
      ],
      [
        0.038627124296868376, -0.11888206453689422, 0, -0.11888206453689422, -0.038627124296868376,
        0.075, 0, 0.075, 0.09423076923076922
      ],
      [
        0.05479639334863445, -0.11234925578739599, 0, -0.11234925578739599, -0.05479639334863445,
        0.075, 0, 0.075, 0.09423076923076922
      ],
      [
        0.06989911293384335, -0.10362969656938022, 0, -0.10362969656938022, -0.06989911293384335,
        0.075, 0, 0.075, 0.09423076923076922
      ],
      [
        0.0836413257948573, -0.09289310318467427, 0, -0.09289310318467427, -0.0836413257948573,
        0.075, 0, 0.075, 0.09423076923076922
      ],
      [
        0.09575555538987228, -0.08034845121081738, 0, -0.08034845121081738, -0.09575555538987228,
        0.075, 0, 0.075, 0.09423076923076922
      ],
      [
        0.10600601201955316, -0.06623990802915075, 0, -0.06623990802915075, -0.10600601201955316,
        0.075, 0, 0.075, 0.09423076923076922
      ],
      [
        0.11419318220532505, -0.05084208038447515, 0, -0.05084208038447515, -0.11419318220532505,
        0.075, 0, 0.075, 0.09423076923076922
      ],
      [
        0.12015771199228983, -0.034454669477125006, 0, -0.034454669477125006, -0.12015771199228983,
        0.075, 0, 0.075, 0.09423076923076922
      ],
      [
        0.12378350859269631, -0.017396637620008044, 0, -0.017396637620008044, -0.12378350859269631,
        0.075, 0, 0.075, 0.09423076923076922
      ],
      [
        0.125, -6.123233995736766e-17, 0, -6.123233995736766e-17, -0.125, 0.075, 0, 0.075,
        0.09423076923076922
      ]
    ],
    [
      [
        0.125, 0, 0.0026174622526875728, 0, -0.125, 0.07495431202643218, 0.0026174622526875728,
        0.07495431202643218, 0.09423076923076922
      ],
      [
        0.1237835085926963, 0.01739663762000818, 0.0026174622526875728, 0.01739663762000818,
        -0.1237835085926963, 0.07495431202643218, 0.0026174622526875728, 0.07495431202643218,
        0.09423076923076922
      ],
      [
        0.12015771199228986, 0.034454669477124895, 0.0026174622526875728, 0.034454669477124895,
        -0.12015771199228986, 0.07495431202643218, 0.0026174622526875728, 0.07495431202643218,
        0.09423076923076922
      ],
      [
        0.11419318220532511, 0.05084208038447502, 0.0026174622526875728, 0.05084208038447502,
        -0.11419318220532511, 0.07495431202643218, 0.0026174622526875728, 0.07495431202643218,
        0.09423076923076922
      ],
      [
        0.10600601201955324, 0.06623990802915061, 0.0026174622526875728, 0.06623990802915061,
        -0.10600601201955324, 0.07495431202643218, 0.0026174622526875728, 0.07495431202643218,
        0.09423076923076922
      ],
      [
        0.09575555538987225, 0.0803484512108174, 0.0026174622526875728, 0.0803484512108174,
        -0.09575555538987225, 0.07495431202643218, 0.0026174622526875728, 0.07495431202643218,
        0.09423076923076922
      ],
      [
        0.08364132579485728, 0.09289310318467428, 0.0026174622526875728, 0.09289310318467428,
        -0.08364132579485728, 0.07495431202643218, 0.0026174622526875728, 0.07495431202643218,
        0.09423076923076922
      ],
      [
        0.06989911293384335, 0.10362969656938022, 0.0026174622526875728, 0.10362969656938022,
        -0.06989911293384335, 0.07495431202643218, 0.0026174622526875728, 0.07495431202643218,
        0.09423076923076922
      ],
      [
        0.05479639334863468, 0.11234925578739588, 0.0026174622526875728, 0.11234925578739588,
        -0.05479639334863468, 0.07495431202643218, 0.0026174622526875728, 0.07495431202643218,
        0.09423076923076922
      ],
      [
        0.03862712429686843, 0.11888206453689419, 0.0026174622526875728, 0.11888206453689419,
        -0.03862712429686843, 0.07495431202643218, 0.0026174622526875728, 0.07495431202643218,
        0.09423076923076922
      ],
      [
        0.021706022208366302, 0.123100969126526, 0.0026174622526875728, 0.123100969126526,
        -0.021706022208366302, 0.07495431202643218, 0.0026174622526875728, 0.07495431202643218,
        0.09423076923076922
      ],
      [
        0.004362437087812635, 0.12492385337738697, 0.0026174622526875728, 0.12492385337738697,
        -0.004362437087812635, 0.07495431202643218, 0.0026174622526875728, 0.07495431202643218,
        0.09423076923076922
      ],
      [
        -0.013066057908456667, 0.12431523692103418, 0.0026174622526875728, 0.12431523692103418,
        0.013066057908456667, 0.07495431202643218, 0.0026174622526875728, 0.07495431202643218,
        0.09423076923076922
      ],
      [
        -0.030240236949958473, 0.12128696578449956, 0.0026174622526875728, 0.12128696578449956,
        0.030240236949958473, 0.07495431202643218, 0.0026174622526875728, 0.07495431202643218,
        0.09423076923076922
      ],
      [
        -0.04682582417698901, 0.11589798182084843, 0.0026174622526875728, 0.11589798182084843,
        0.04682582417698901, 0.07495431202643218, 0.0026174622526875728, 0.07495431202643218,
        0.09423076923076922
      ],
      [
        -0.06249999999999997, 0.10825317547305484, 0.0026174622526875728, 0.10825317547305484,
        0.06249999999999997, 0.07495431202643218, 0.0026174622526875728, 0.07495431202643218,
        0.09423076923076922
      ],
      [
        -0.07695768441570729, 0.09850134420084025, 0.0026174622526875728, 0.09850134420084025,
        0.07695768441570729, 0.07495431202643218, 0.0026174622526875728, 0.07495431202643218,
        0.09423076923076922
      ],
      [
        -0.08991747504233141, 0.08683229630737464, 0.0026174622526875728, 0.08683229630737464,
        0.08991747504233141, 0.07495431202643218, 0.0026174622526875728, 0.07495431202643218,
        0.09423076923076922
      ],
      [
        -0.10112712429686842, 0.07347315653655916, 0.0026174622526875728, 0.07347315653655916,
        0.10112712429686842, 0.07495431202643218, 0.0026174622526875728, 0.07495431202643218,
        0.09423076923076922
      ],
      [
        -0.11036844910736585, 0.058683945348236385, 0.0026174622526875728, 0.058683945348236385,
        0.11036844910736585, 0.07495431202643218, 0.0026174622526875728, 0.07495431202643218,
        0.09423076923076922
      ],
      [
        -0.11746157759823854, 0.04275251791570861, 0.0026174622526875728, 0.04275251791570861,
        0.11746157759823854, 0.07495431202643218, 0.0026174622526875728, 0.07495431202643218,
        0.09423076923076922
      ],
      [
        -0.12226845009172571, 0.025988961352219914, 0.0026174622526875728, 0.025988961352219914,
        0.12226845009172571, 0.07495431202643218, 0.0026174622526875728, 0.07495431202643218,
        0.09423076923076922
      ],
      [
        -0.12469550628247802, 0.00871955921801569, 0.0026174622526875728, 0.00871955921801569,
        0.12469550628247802, 0.07495431202643218, 0.0026174622526875728, 0.07495431202643218,
        0.09423076923076922
      ],
      [
        -0.12469550628247804, -0.008719559218015604, 0.0026174622526875728, -0.008719559218015604,
        0.12469550628247804, 0.07495431202643218, 0.0026174622526875728, 0.07495431202643218,
        0.09423076923076922
      ],
      [
        -0.12226845009172571, -0.025988961352219883, 0.0026174622526875728, -0.025988961352219883,
        0.12226845009172571, 0.07495431202643218, 0.0026174622526875728, 0.07495431202643218,
        0.09423076923076922
      ],
      [
        -0.11746157759823855, -0.04275251791570858, 0.0026174622526875728, -0.04275251791570858,
        0.11746157759823855, 0.07495431202643218, 0.0026174622526875728, 0.07495431202643218,
        0.09423076923076922
      ],
      [
        -0.11036844910736586, -0.05868394534823636, 0.0026174622526875728, -0.05868394534823636,
        0.11036844910736586, 0.07495431202643218, 0.0026174622526875728, 0.07495431202643218,
        0.09423076923076922
      ],
      [
        -0.10112712429686843, -0.07347315653655913, 0.0026174622526875728, -0.07347315653655913,
        0.10112712429686843, 0.07495431202643218, 0.0026174622526875728, 0.07495431202643218,
        0.09423076923076922
      ],
      [
        -0.08991747504233139, -0.08683229630737467, 0.0026174622526875728, -0.08683229630737467,
        0.08991747504233139, 0.07495431202643218, 0.0026174622526875728, 0.07495431202643218,
        0.09423076923076922
      ],
      [
        -0.07695768441570726, -0.09850134420084027, 0.0026174622526875728, -0.09850134420084027,
        0.07695768441570726, 0.07495431202643218, 0.0026174622526875728, 0.07495431202643218,
        0.09423076923076922
      ],
      [
        -0.06250000000000006, -0.10825317547305481, 0.0026174622526875728, -0.10825317547305481,
        0.06250000000000006, 0.07495431202643218, 0.0026174622526875728, 0.07495431202643218,
        0.09423076923076922
      ],
      [
        -0.04682582417698904, -0.11589798182084841, 0.0026174622526875728, -0.11589798182084841,
        0.04682582417698904, 0.07495431202643218, 0.0026174622526875728, 0.07495431202643218,
        0.09423076923076922
      ],
      [
        -0.030240236949958473, -0.12128696578449956, 0.0026174622526875728, -0.12128696578449956,
        0.030240236949958473, 0.07495431202643218, 0.0026174622526875728, 0.07495431202643218,
        0.09423076923076922
      ],
      [
        -0.01306605790845667, -0.12431523692103418, 0.0026174622526875728, -0.12431523692103418,
        0.01306605790845667, 0.07495431202643218, 0.0026174622526875728, 0.07495431202643218,
        0.09423076923076922
      ],
      [
        0.00436243708781266, -0.12492385337738697, 0.0026174622526875728, -0.12492385337738697,
        -0.00436243708781266, 0.07495431202643218, 0.0026174622526875728, 0.07495431202643218,
        0.09423076923076922
      ],
      [
        0.021706022208366246, -0.12310096912652602, 0.0026174622526875728, -0.12310096912652602,
        -0.021706022208366246, 0.07495431202643218, 0.0026174622526875728, 0.07495431202643218,
        0.09423076923076922
      ],
      [
        0.038627124296868404, -0.1188820645368942, 0.0026174622526875728, -0.1188820645368942,
        -0.038627124296868404, 0.07495431202643218, 0.0026174622526875728, 0.07495431202643218,
        0.09423076923076922
      ],
      [
        0.054796393348634675, -0.11234925578739588, 0.0026174622526875728, -0.11234925578739588,
        -0.054796393348634675, 0.07495431202643218, 0.0026174622526875728, 0.07495431202643218,
        0.09423076923076922
      ],
      [
        0.06989911293384328, -0.10362969656938026, 0.0026174622526875728, -0.10362969656938026,
        -0.06989911293384328, 0.07495431202643218, 0.0026174622526875728, 0.07495431202643218,
        0.09423076923076922
      ],
      [
        0.08364132579485722, -0.09289310318467432, 0.0026174622526875728, -0.09289310318467432,
        -0.08364132579485722, 0.07495431202643218, 0.0026174622526875728, 0.07495431202643218,
        0.09423076923076922
      ],
      [
        0.09575555538987222, -0.08034845121081745, 0.0026174622526875728, -0.08034845121081745,
        -0.09575555538987222, 0.07495431202643218, 0.0026174622526875728, 0.07495431202643218,
        0.09423076923076922
      ],
      [
        0.10600601201955318, -0.06623990802915072, 0.0026174622526875728, -0.06623990802915072,
        -0.10600601201955318, 0.07495431202643218, 0.0026174622526875728, 0.07495431202643218,
        0.09423076923076922
      ],
      [
        0.11419318220532512, -0.05084208038447502, 0.0026174622526875728, -0.05084208038447502,
        -0.11419318220532512, 0.07495431202643218, 0.0026174622526875728, 0.07495431202643218,
        0.09423076923076922
      ],
      [
        0.12015771199228983, -0.03445466947712497, 0.0026174622526875728, -0.03445466947712497,
        -0.12015771199228983, 0.07495431202643218, 0.0026174622526875728, 0.07495431202643218,
        0.09423076923076922
      ],
      [
        0.12378350859269628, -0.017396637620008235, 0.0026174622526875728, -0.017396637620008235,
        -0.12378350859269628, 0.07495431202643218, 0.0026174622526875728, 0.07495431202643218,
        0.09423076923076922
      ],
      [
        0.125, -3.061616997868383e-17, 0.0026174622526875728, -3.061616997868383e-17, -0.125,
        0.07495431202643218, 0.0026174622526875728, 0.07495431202643218, 0.09423076923076922
      ],
      [
        0.12378350859269631, 0.017396637620008065, 0.0026174622526875728, 0.017396637620008065,
        -0.12378350859269631, 0.07495431202643218, 0.0026174622526875728, 0.07495431202643218,
        0.09423076923076922
      ],
      [
        0.12015771199228985, 0.034454669477124916, 0.0026174622526875728, 0.034454669477124916,
        -0.12015771199228985, 0.07495431202643218, 0.0026174622526875728, 0.07495431202643218,
        0.09423076923076922
      ],
      [
        0.11419318220532514, 0.050842080384474964, 0.0026174622526875728, 0.050842080384474964,
        -0.11419318220532514, 0.07495431202643218, 0.0026174622526875728, 0.07495431202643218,
        0.09423076923076922
      ],
      [
        0.10600601201955327, 0.06623990802915058, 0.0026174622526875728, 0.06623990802915058,
        -0.10600601201955327, 0.07495431202643218, 0.0026174622526875728, 0.07495431202643218,
        0.09423076923076922
      ],
      [
        0.09575555538987227, 0.08034845121081739, 0.0026174622526875728, 0.08034845121081739,
        -0.09575555538987227, 0.07495431202643218, 0.0026174622526875728, 0.07495431202643218,
        0.09423076923076922
      ],
      [
        0.08364132579485736, 0.09289310318467421, 0.0026174622526875728, 0.09289310318467421,
        -0.08364132579485736, 0.07495431202643218, 0.0026174622526875728, 0.07495431202643218,
        0.09423076923076922
      ],
      [
        0.06989911293384334, 0.10362969656938023, 0.0026174622526875728, 0.10362969656938023,
        -0.06989911293384334, 0.07495431202643218, 0.0026174622526875728, 0.07495431202643218,
        0.09423076923076922
      ],
      [
        0.05479639334863473, 0.11234925578739585, 0.0026174622526875728, 0.11234925578739585,
        -0.05479639334863473, 0.07495431202643218, 0.0026174622526875728, 0.07495431202643218,
        0.09423076923076922
      ],
      [
        0.038627124296868466, 0.11888206453689419, 0.0026174622526875728, 0.11888206453689419,
        -0.038627124296868466, 0.07495431202643218, 0.0026174622526875728, 0.07495431202643218,
        0.09423076923076922
      ],
      [
        0.021706022208366305, 0.123100969126526, 0.0026174622526875728, 0.123100969126526,
        -0.021706022208366305, 0.07495431202643218, 0.0026174622526875728, 0.07495431202643218,
        0.09423076923076922
      ],
      [
        0.00436243708781261, 0.12492385337738697, 0.0026174622526875728, 0.12492385337738697,
        -0.00436243708781261, 0.07495431202643218, 0.0026174622526875728, 0.07495431202643218,
        0.09423076923076922
      ],
      [
        -0.01306605790845661, 0.12431523692103418, 0.0026174622526875728, 0.12431523692103418,
        0.01306605790845661, 0.07495431202643218, 0.0026174622526875728, 0.07495431202643218,
        0.09423076923076922
      ],
      [
        -0.030240236949958522, 0.12128696578449955, 0.0026174622526875728, 0.12128696578449955,
        0.030240236949958522, 0.07495431202643218, 0.0026174622526875728, 0.07495431202643218,
        0.09423076923076922
      ],
      [
        -0.04682582417698888, 0.11589798182084848, 0.0026174622526875728, 0.11589798182084848,
        0.04682582417698888, 0.07495431202643218, 0.0026174622526875728, 0.07495431202643218,
        0.09423076923076922
      ],
      [
        -0.0624999999999999, 0.1082531754730549, 0.0026174622526875728, 0.1082531754730549,
        0.0624999999999999, 0.07495431202643218, 0.0026174622526875728, 0.07495431202643218,
        0.09423076923076922
      ],
      [
        -0.07695768441570722, 0.0985013442008403, 0.0026174622526875728, 0.0985013442008403,
        0.07695768441570722, 0.07495431202643218, 0.0026174622526875728, 0.07495431202643218,
        0.09423076923076922
      ],
      [
        -0.08991747504233134, 0.08683229630737471, 0.0026174622526875728, 0.08683229630737471,
        0.08991747504233134, 0.07495431202643218, 0.0026174622526875728, 0.07495431202643218,
        0.09423076923076922
      ],
      [
        -0.1011271242968684, 0.07347315653655917, 0.0026174622526875728, 0.07347315653655917,
        0.1011271242968684, 0.07495431202643218, 0.0026174622526875728, 0.07495431202643218,
        0.09423076923076922
      ],
      [
        -0.11036844910736586, 0.058683945348236365, 0.0026174622526875728, 0.058683945348236365,
        0.11036844910736586, 0.07495431202643218, 0.0026174622526875728, 0.07495431202643218,
        0.09423076923076922
      ],
      [
        -0.11746157759823855, 0.04275251791570859, 0.0026174622526875728, 0.04275251791570859,
        0.11746157759823855, 0.07495431202643218, 0.0026174622526875728, 0.07495431202643218,
        0.09423076923076922
      ],
      [
        -0.12226845009172571, 0.02598896135221989, 0.0026174622526875728, 0.02598896135221989,
        0.12226845009172571, 0.07495431202643218, 0.0026174622526875728, 0.07495431202643218,
        0.09423076923076922
      ],
      [
        -0.12469550628247802, 0.008719559218015831, 0.0026174622526875728, 0.008719559218015831,
        0.12469550628247802, 0.07495431202643218, 0.0026174622526875728, 0.07495431202643218,
        0.09423076923076922
      ],
      [
        -0.12469550628247802, -0.00871955921801574, 0.0026174622526875728, -0.00871955921801574,
        0.12469550628247802, 0.07495431202643218, 0.0026174622526875728, 0.07495431202643218,
        0.09423076923076922
      ],
      [
        -0.12226845009172572, -0.0259889613522198, 0.0026174622526875728, -0.0259889613522198,
        0.12226845009172572, 0.07495431202643218, 0.0026174622526875728, 0.07495431202643218,
        0.09423076923076922
      ],
      [
        -0.11746157759823858, -0.0427525179157085, 0.0026174622526875728, -0.0427525179157085,
        0.11746157759823858, 0.07495431202643218, 0.0026174622526875728, 0.07495431202643218,
        0.09423076923076922
      ],
      [
        -0.1103684491073659, -0.05868394534823628, 0.0026174622526875728, -0.05868394534823628,
        0.1103684491073659, 0.07495431202643218, 0.0026174622526875728, 0.07495431202643218,
        0.09423076923076922
      ],
      [
        -0.10112712429686846, -0.0734731565365591, 0.0026174622526875728, -0.0734731565365591,
        0.10112712429686846, 0.07495431202643218, 0.0026174622526875728, 0.07495431202643218,
        0.09423076923076922
      ],
      [
        -0.08991747504233141, -0.08683229630737464, 0.0026174622526875728, -0.08683229630737464,
        0.08991747504233141, 0.07495431202643218, 0.0026174622526875728, 0.07495431202643218,
        0.09423076923076922
      ],
      [
        -0.07695768441570729, -0.09850134420084025, 0.0026174622526875728, -0.09850134420084025,
        0.07695768441570729, 0.07495431202643218, 0.0026174622526875728, 0.07495431202643218,
        0.09423076923076922
      ],
      [
        -0.06249999999999998, -0.10825317547305484, 0.0026174622526875728, -0.10825317547305484,
        0.06249999999999998, 0.07495431202643218, 0.0026174622526875728, 0.07495431202643218,
        0.09423076923076922
      ],
      [
        -0.04682582417698917, -0.11589798182084836, 0.0026174622526875728, -0.11589798182084836,
        0.04682582417698917, 0.07495431202643218, 0.0026174622526875728, 0.07495431202643218,
        0.09423076923076922
      ],
      [
        -0.030240236949958397, -0.12128696578449957, 0.0026174622526875728, -0.12128696578449957,
        0.030240236949958397, 0.07495431202643218, 0.0026174622526875728, 0.07495431202643218,
        0.09423076923076922
      ],
      [
        -0.01306605790845681, -0.12431523692103415, 0.0026174622526875728, -0.12431523692103415,
        0.01306605790845681, 0.07495431202643218, 0.0026174622526875728, 0.07495431202643218,
        0.09423076923076922
      ],
      [
        0.004362437087812519, -0.12492385337738697, 0.0026174622526875728, -0.12492385337738697,
        -0.004362437087812519, 0.07495431202643218, 0.0026174622526875728, 0.07495431202643218,
        0.09423076923076922
      ],
      [
        0.021706022208366215, -0.12310096912652602, 0.0026174622526875728, -0.12310096912652602,
        -0.021706022208366215, 0.07495431202643218, 0.0026174622526875728, 0.07495431202643218,
        0.09423076923076922
      ],
      [
        0.038627124296868376, -0.11888206453689422, 0.0026174622526875728, -0.11888206453689422,
        -0.038627124296868376, 0.07495431202643218, 0.0026174622526875728, 0.07495431202643218,
        0.09423076923076922
      ],
      [
        0.05479639334863445, -0.11234925578739599, 0.0026174622526875728, -0.11234925578739599,
        -0.05479639334863445, 0.07495431202643218, 0.0026174622526875728, 0.07495431202643218,
        0.09423076923076922
      ],
      [
        0.06989911293384335, -0.10362969656938022, 0.0026174622526875728, -0.10362969656938022,
        -0.06989911293384335, 0.07495431202643218, 0.0026174622526875728, 0.07495431202643218,
        0.09423076923076922
      ],
      [
        0.0836413257948573, -0.09289310318467427, 0.0026174622526875728, -0.09289310318467427,
        -0.0836413257948573, 0.07495431202643218, 0.0026174622526875728, 0.07495431202643218,
        0.09423076923076922
      ],
      [
        0.09575555538987228, -0.08034845121081738, 0.0026174622526875728, -0.08034845121081738,
        -0.09575555538987228, 0.07495431202643218, 0.0026174622526875728, 0.07495431202643218,
        0.09423076923076922
      ],
      [
        0.10600601201955316, -0.06623990802915075, 0.0026174622526875728, -0.06623990802915075,
        -0.10600601201955316, 0.07495431202643218, 0.0026174622526875728, 0.07495431202643218,
        0.09423076923076922
      ],
      [
        0.11419318220532505, -0.05084208038447515, 0.0026174622526875728, -0.05084208038447515,
        -0.11419318220532505, 0.07495431202643218, 0.0026174622526875728, 0.07495431202643218,
        0.09423076923076922
      ],
      [
        0.12015771199228983, -0.034454669477125006, 0.0026174622526875728, -0.034454669477125006,
        -0.12015771199228983, 0.07495431202643218, 0.0026174622526875728, 0.07495431202643218,
        0.09423076923076922
      ],
      [
        0.12378350859269631, -0.017396637620008044, 0.0026174622526875728, -0.017396637620008044,
        -0.12378350859269631, 0.07495431202643218, 0.0026174622526875728, 0.07495431202643218,
        0.09423076923076922
      ],
      [
        0.125, -6.123233995736766e-17, 0.0026174622526875728, -6.123233995736766e-17, -0.125,
        0.07495431202643218, 0.0026174622526875728, 0.07495431202643218, 0.09423076923076922
      ]
    ],
    [
      [
        0.125, 0, 0.005231735530809398, 0, -0.125, 0.07481730376948681, 0.005231735530809398,
        0.07481730376948681, 0.09423076923076922
      ],
      [
        0.1237835085926963, 0.01739663762000818, 0.005231735530809398, 0.01739663762000818,
        -0.1237835085926963, 0.07481730376948681, 0.005231735530809398, 0.07481730376948681,
        0.09423076923076922
      ],
      [
